1.011065006256103516e+00
9.365541934967041016e-01
5.775787234306335449e-01
7.399360537528991699e-01
5.854077339172363281e-01
4.579034149646759033e-01
7.955037951469421387e-01
6.174636483192443848e-01
4.172634780406951904e-01
4.654668271541595459e-01
4.830502271652221680e-01
3.143595755100250244e-01
5.298822522163391113e-01
4.481628537178039551e-01
3.677788674831390381e-01
5.096582770347595215e-01
4.633958339691162109e-01
5.460366010665893555e-01
2.474450618028640747e-01
2.937079071998596191e-01
4.332400858402252197e-01
3.135998249053955078e-01
3.327349126338958740e-01
3.809950351715087891e-01
3.425264060497283936e-01
2.890085875988006592e-01
3.291513025760650635e-01
3.405959904193878174e-01
4.122340977191925049e-01
3.340640068054199219e-01
3.524117171764373779e-01
3.131254911422729492e-01
2.565520405769348145e-01
4.488265812397003174e-01
3.557213544845581055e-01
3.175278604030609131e-01
2.423894554376602173e-01
3.937945663928985596e-01
2.804188132286071777e-01
3.058597743511199951e-01
3.787648975849151611e-01
4.246567785739898682e-01
2.382931411266326904e-01
2.414490133523941040e-01
3.514125049114227295e-01
3.370549678802490234e-01
3.023591041564941406e-01
2.833016812801361084e-01
4.513612985610961914e-01
2.833345234394073486e-01
2.599848508834838867e-01
1.816405057907104492e-01
2.710594832897186279e-01
3.741132915019989014e-01
3.014461696147918701e-01
3.386551439762115479e-01
3.157185018062591553e-01
3.597106635570526123e-01
3.397207558155059814e-01
3.077972233295440674e-01
3.050745427608489990e-01
3.083382844924926758e-01
3.793104290962219238e-01
2.709025442600250244e-01
2.160102874040603638e-01
2.656160891056060791e-01
2.393165826797485352e-01
3.798889219760894775e-01
1.733578592538833618e-01
2.581970989704132080e-01
2.211902290582656860e-01
2.713482081890106201e-01
3.520537912845611572e-01
2.168481349945068359e-01
2.580246925354003906e-01
2.825608551502227783e-01
1.899173855781555176e-01
2.490902841091156006e-01
2.645380198955535889e-01
3.621087372303009033e-01
3.395576775074005127e-01
1.823032945394515991e-01
1.987325698137283325e-01
3.168312013149261475e-01
2.584181427955627441e-01
2.912653684616088867e-01
2.834538519382476807e-01
2.213578373193740845e-01
2.609249949455261230e-01
2.363529354333877563e-01
2.300412058830261230e-01
2.797597050666809082e-01
2.925357222557067871e-01
2.489625662565231323e-01
2.424468100070953369e-01
3.400270044803619385e-01
2.594989240169525146e-01
2.916705608367919922e-01
2.257208526134490967e-01
1.961936950683593750e-01
5.700916051864624023e-01
3.382074832916259766e-01
3.036299347877502441e-01
3.781197667121887207e-01
3.308078646659851074e-01
3.662230670452117920e-01
2.214030027389526367e-01
2.709571719169616699e-01
4.065498411655426025e-01
2.583707869052886963e-01
3.460868000984191895e-01
3.015156090259552002e-01
3.677122890949249268e-01
2.232793271541595459e-01
3.263083100318908691e-01
2.994303107261657715e-01
2.398730665445327759e-01
2.507634460926055908e-01
3.348939120769500732e-01
2.078529596328735352e-01
2.608229219913482666e-01
2.573840916156768799e-01
2.362388819456100464e-01
2.683597803115844727e-01
3.284026980400085449e-01
2.080671787261962891e-01
1.807014495134353638e-01
2.355777174234390259e-01
2.972736954689025879e-01
1.995317041873931885e-01
3.317928314208984375e-01
3.058191537857055664e-01
3.120175600051879883e-01
3.484372496604919434e-01
3.396958708763122559e-01
2.941474318504333496e-01
2.511339783668518066e-01
2.193493843078613281e-01
2.890805006027221680e-01
2.364490628242492676e-01
2.522977888584136963e-01
2.193254381418228149e-01
2.454497665166854858e-01
3.116893172264099121e-01
2.470391839742660522e-01
3.778086304664611816e-01
2.508098483085632324e-01
2.529106736183166504e-01
2.873107194900512695e-01
2.973918914794921875e-01
1.814339458942413330e-01
2.841957807540893555e-01
2.589674592018127441e-01
3.433147668838500977e-01
2.424968481063842773e-01
2.931355535984039307e-01
3.822562992572784424e-01
2.274949252605438232e-01
3.461521267890930176e-01
1.843911856412887573e-01
1.662112772464752197e-01
1.841364800930023193e-01
3.585516810417175293e-01
2.140960544347763062e-01
2.733771502971649170e-01
1.624256819486618042e-01
2.065293192863464355e-01
3.122218251228332520e-01
2.002207934856414795e-01
2.195169329643249512e-01
2.700149714946746826e-01
1.585404425859451294e-01
2.364864498376846313e-01
2.917838394641876221e-01
2.804983556270599365e-01
1.846828460693359375e-01
2.515628933906555176e-01
3.590716421604156494e-01
2.441248744726181030e-01
2.601957023143768311e-01
3.518564999103546143e-01
3.460660576820373535e-01
2.905243337154388428e-01
2.531916499137878418e-01
2.283888459205627441e-01
2.976709306240081787e-01
2.615085840225219727e-01
2.801143229007720947e-01
2.310359925031661987e-01
1.965681612491607666e-01
2.189183682203292847e-01
2.613494098186492920e-01
2.250237315893173218e-01
2.060079276561737061e-01
2.561531066894531250e-01
1.920869946479797363e-01
2.426398396492004395e-01
2.225901335477828979e-01
1.659412235021591187e-01
3.515340387821197510e-01
3.739615678787231445e-01
2.970774173736572266e-01
2.568493187427520752e-01
2.476388514041900635e-01
2.799851000308990479e-01
3.823362290859222412e-01
2.361417412757873535e-01
2.061366140842437744e-01
2.132588177919387817e-01
1.956202685832977295e-01
4.089996516704559326e-01
2.481914758682250977e-01
2.740405201911926270e-01
2.111478000879287720e-01
2.937850356101989746e-01
2.480147033929824829e-01
2.636826038360595703e-01
2.239155620336532593e-01
2.903944253921508789e-01
1.977563351392745972e-01
1.897159814834594727e-01
2.347541153430938721e-01
2.246510386466979980e-01
2.132817059755325317e-01
2.449079006910324097e-01
2.092339545488357544e-01
2.775454223155975342e-01
2.681093811988830566e-01
1.810108423233032227e-01
2.561140060424804688e-01
2.410178333520889282e-01
1.771568953990936279e-01
2.152483910322189331e-01
3.723256886005401611e-01
1.820526868104934692e-01
1.874159127473831177e-01
2.398992180824279785e-01
2.706681191921234131e-01
2.105319201946258545e-01
2.522372007369995117e-01
1.633232682943344116e-01
2.094650417566299438e-01
2.210618704557418823e-01
2.661785781383514404e-01
2.525205612182617188e-01
2.182172089815139771e-01
1.597692072391510010e-01
3.143571615219116211e-01
2.393060028553009033e-01
1.502982079982757568e-01
1.934118270874023438e-01
3.377792835235595703e-01
1.698874086141586304e-01
1.993801891803741455e-01
2.344055175781250000e-01
1.847856342792510986e-01
3.218210637569427490e-01
2.493616193532943726e-01
2.348829656839370728e-01
2.103177905082702637e-01
2.864261567592620850e-01
3.059893548488616943e-01
2.212029993534088135e-01
1.706140935420989990e-01
2.818224728107452393e-01
2.766693830490112305e-01
2.074908018112182617e-01
2.330644279718399048e-01
2.008271664381027222e-01
1.960987448692321777e-01
2.057729065418243408e-01
1.872972249984741211e-01
3.242784440517425537e-01
2.856804728507995605e-01
2.171465158462524414e-01
1.810147613286972046e-01
2.579466104507446289e-01
2.069434523582458496e-01
2.962175011634826660e-01
1.841732412576675415e-01
2.157280743122100830e-01
1.943217068910598755e-01
2.679293453693389893e-01
3.094404637813568115e-01
2.716423869132995605e-01
2.581750750541687012e-01
2.021423876285552979e-01
1.767861843109130859e-01
1.873780786991119385e-01
2.227185517549514771e-01
2.959752082824707031e-01
1.867974400520324707e-01
2.130607217550277710e-01
1.708213984966278076e-01
2.525830864906311035e-01
2.301737815141677856e-01
2.568058967590332031e-01
2.676995098590850830e-01
2.449456900358200073e-01
2.022283822298049927e-01
1.714458614587783813e-01
1.547142565250396729e-01
1.720444262027740479e-01
2.068998366594314575e-01
2.450131028890609741e-01
2.073829174041748047e-01
1.633651703596115112e-01
2.123827636241912842e-01
1.272196620702743530e-01
3.546379804611206055e-01
2.793722450733184814e-01
2.761640250682830811e-01
2.297313809394836426e-01
2.500218152999877930e-01
1.840240359306335449e-01
2.628276348114013672e-01
1.800028532743453979e-01
2.245255857706069946e-01
3.174978494644165039e-01
2.773492932319641113e-01
2.480290383100509644e-01
3.044617474079132080e-01
1.991894990205764771e-01
1.788156330585479736e-01
2.467327415943145752e-01
1.727220267057418823e-01
2.093347609043121338e-01
1.729262322187423706e-01
1.658559739589691162e-01
3.100249767303466797e-01
2.313666790723800659e-01
2.716112136840820312e-01
2.723860740661621094e-01
1.956245154142379761e-01
3.308821618556976318e-01
2.466080337762832642e-01
2.363011837005615234e-01
2.139704525470733643e-01
2.622293531894683838e-01
2.104383856058120728e-01
1.910183280706405640e-01
2.036657482385635376e-01
1.752148270606994629e-01
2.236321866512298584e-01
1.959083378314971924e-01
2.241126894950866699e-01
2.396303564310073853e-01
1.771015971899032593e-01
2.883375883102416992e-01
2.078476548194885254e-01
2.274829745292663574e-01
2.237676978111267090e-01
1.682474613189697266e-01
2.002284228801727295e-01
1.329899132251739502e-01
2.598216831684112549e-01
1.794024258852005005e-01
2.524053752422332764e-01
1.923558115959167480e-01
3.214653134346008301e-01
2.302928864955902100e-01
2.317076623439788818e-01
2.765894830226898193e-01
2.645573914051055908e-01
3.017625510692596436e-01
1.467373222112655640e-01
1.430551856756210327e-01
1.900629848241806030e-01
2.836031615734100342e-01
2.018474936485290527e-01
2.257462441921234131e-01
3.404019176959991455e-01
2.332319319248199463e-01
2.081438899040222168e-01
1.992873996496200562e-01
1.619863957166671753e-01
3.039719760417938232e-01
3.670777082443237305e-01
3.594890832901000977e-01
2.555064558982849121e-01
1.978328377008438110e-01
3.163085281848907471e-01
1.995025575160980225e-01
2.525851130485534668e-01
2.478280663490295410e-01
3.268948793411254883e-01
2.695161700248718262e-01
1.995114237070083618e-01
2.042046636343002319e-01
2.267365306615829468e-01
2.139353603124618530e-01
2.012990564107894897e-01
3.321127295494079590e-01
2.270840704441070557e-01
2.384134978055953979e-01
2.151018381118774414e-01
1.422783583402633667e-01
2.252569645643234253e-01
2.347631007432937622e-01
1.692835986614227295e-01
2.033907473087310791e-01
2.434115707874298096e-01
2.083922624588012695e-01
2.776399254798889160e-01
2.411870807409286499e-01
2.309599369764328003e-01
2.317448258399963379e-01
1.598111242055892944e-01
2.059976011514663696e-01
1.864246577024459839e-01
1.636724174022674561e-01
1.871603429317474365e-01
1.321097463369369507e-01
2.511864900588989258e-01
1.968851387500762939e-01
1.445012688636779785e-01
2.076658308506011963e-01
2.693411111831665039e-01
1.528376042842864990e-01
2.691045403480529785e-01
2.619090974330902100e-01
2.179148793220520020e-01
2.262530922889709473e-01
1.874900013208389282e-01
2.648521065711975098e-01
2.489737421274185181e-01
1.985151469707489014e-01
1.675352901220321655e-01
1.923824548721313477e-01
3.305312395095825195e-01
1.968762278556823730e-01
2.935133576393127441e-01
2.097872346639633179e-01
2.275068014860153198e-01
1.813823729753494263e-01
1.595191806554794312e-01
3.418757617473602295e-01
1.940683275461196899e-01
2.929278314113616943e-01
1.935106962919235229e-01
2.164312601089477539e-01
2.041113376617431641e-01
2.297020554542541504e-01
1.770847439765930176e-01
3.304697573184967041e-01
1.405650228261947632e-01
2.627374827861785889e-01
1.994920223951339722e-01
2.074772119522094727e-01
2.176861166954040527e-01
2.399129271507263184e-01
1.869633346796035767e-01
1.769861280918121338e-01
2.243163734674453735e-01
1.761730313301086426e-01
1.505748033523559570e-01
1.954861283302307129e-01
2.090700715780258179e-01
1.620200574398040771e-01
2.157840132713317871e-01
1.767598390579223633e-01
1.589566469192504883e-01
2.803426086902618408e-01
2.010890096426010132e-01
1.975414156913757324e-01
1.710570454597473145e-01
2.515965104103088379e-01
2.414556592702865601e-01
1.337257027626037598e-01
2.429112493991851807e-01
2.101445347070693970e-01
2.040201574563980103e-01
2.119994759559631348e-01
2.629716098308563232e-01
2.564745545387268066e-01
2.624310553073883057e-01
2.113909125328063965e-01
2.077595144510269165e-01
1.956428289413452148e-01
1.801450103521347046e-01
1.540894508361816406e-01
1.788192093372344971e-01
2.614459991455078125e-01
1.812548190355300903e-01
2.185745537281036377e-01
1.904426068067550659e-01
3.023653030395507812e-01
1.567080169916152954e-01
2.391709983348846436e-01
1.652839630842208862e-01
2.074041217565536499e-01
2.137503325939178467e-01
2.864919304847717285e-01
1.749644130468368530e-01
1.861098855733871460e-01
2.020627856254577637e-01
2.981701791286468506e-01
2.138437628746032715e-01
1.891915947198867798e-01
2.167172282934188843e-01
2.425381541252136230e-01
2.065632641315460205e-01
3.168210089206695557e-01
2.423044741153717041e-01
2.129904627799987793e-01
2.015914618968963623e-01
2.581475377082824707e-01
2.674312889575958252e-01
1.829460710287094116e-01
2.482502162456512451e-01
2.770443558692932129e-01
1.861961632966995239e-01
4.011647701263427734e-01
2.250256091356277466e-01
3.388193845748901367e-01
2.029398381710052490e-01
2.326923012733459473e-01
2.287178933620452881e-01
2.380122095346450806e-01
2.604369223117828369e-01
2.205095440149307251e-01
2.939831912517547607e-01
2.720607519149780273e-01
3.364310860633850098e-01
1.926670968532562256e-01
1.901423037052154541e-01
1.857078969478607178e-01
2.404306828975677490e-01
2.468415051698684692e-01
2.246947735548019409e-01
1.907956898212432861e-01
1.826551407575607300e-01
1.507270485162734985e-01
2.260835021734237671e-01
2.196425646543502808e-01
1.784548163414001465e-01
2.111756056547164917e-01
3.244367539882659912e-01
2.406579554080963135e-01
2.565405666828155518e-01
2.873997092247009277e-01
2.467766553163528442e-01
1.664300411939620972e-01
2.055872827768325806e-01
1.698120087385177612e-01
1.646572500467300415e-01
2.702081501483917236e-01
2.195890396833419800e-01
1.926915794610977173e-01
2.813692390918731689e-01
1.677306741476058960e-01
1.715403795242309570e-01
1.886685788631439209e-01
2.102956324815750122e-01
2.135052084922790527e-01
2.031586468219757080e-01
2.498656958341598511e-01
1.753839701414108276e-01
2.182614803314208984e-01
2.355713099241256714e-01
3.421418368816375732e-01
2.108387649059295654e-01
2.881834805011749268e-01
3.033336997032165527e-01
2.271626293659210205e-01
2.476335763931274414e-01
2.501126229763031006e-01
1.906225979328155518e-01
2.470771968364715576e-01
2.542973756790161133e-01
1.769933849573135376e-01
2.317575365304946899e-01
2.426592856645584106e-01
2.316577285528182983e-01
2.037649899721145630e-01
1.965602785348892212e-01
1.872660219669342041e-01
2.028048485517501831e-01
3.020036816596984863e-01
2.589995861053466797e-01
1.935649812221527100e-01
2.296123951673507690e-01
2.144957929849624634e-01
3.063724339008331299e-01
2.110742926597595215e-01
3.793230056762695312e-01
1.851285547018051147e-01
2.653325498104095459e-01
3.201689422130584717e-01
2.567511796951293945e-01
1.902844309806823730e-01
2.555123269557952881e-01
2.660718858242034912e-01
1.740859746932983398e-01
2.240037769079208374e-01
1.583472341299057007e-01
1.880337446928024292e-01
1.942050158977508545e-01
3.827920258045196533e-01
1.937344819307327271e-01
2.451465576887130737e-01
2.229797691106796265e-01
1.904187053442001343e-01
1.705086082220077515e-01
2.235295474529266357e-01
2.346225678920745850e-01
2.104342728853225708e-01
2.691919207572937012e-01
1.736619621515274048e-01
2.613683938980102539e-01
2.495829164981842041e-01
3.255181014537811279e-01
2.178154140710830688e-01
1.869023889303207397e-01
2.862612605094909668e-01
2.080145329236984253e-01
1.899628490209579468e-01
2.894290983676910400e-01
1.720337122678756714e-01
2.431609779596328735e-01
2.772341966629028320e-01
1.733909249305725098e-01
2.391063719987869263e-01
2.967593371868133545e-01
2.901113629341125488e-01
2.322658598423004150e-01
2.144701629877090454e-01
2.207958400249481201e-01
2.087724953889846802e-01
2.138534039258956909e-01
2.654485404491424561e-01
2.076253294944763184e-01
2.087166160345077515e-01
1.383256465196609497e-01
2.336894124746322632e-01
1.625445038080215454e-01
2.277815341949462891e-01
1.870607435703277588e-01
2.279516905546188354e-01
1.767774969339370728e-01
1.675481498241424561e-01
1.913141012191772461e-01
2.218080759048461914e-01
1.760560125112533569e-01
2.100031822919845581e-01
1.705527901649475098e-01
3.118219077587127686e-01
2.068273723125457764e-01
1.607444286346435547e-01
2.793134450912475586e-01
1.602360010147094727e-01
2.437413185834884644e-01
1.890765279531478882e-01
2.078674435615539551e-01
2.243839800357818604e-01
2.716888785362243652e-01
2.068270295858383179e-01
2.137706279754638672e-01
2.056273072957992554e-01
1.861133128404617310e-01
1.959914863109588623e-01
1.734973192214965820e-01
2.185764908790588379e-01
2.226104885339736938e-01
2.721736729145050049e-01
1.748821288347244263e-01
1.959409117698669434e-01
2.199149578809738159e-01
2.093288302421569824e-01
2.714602351188659668e-01
1.990341693162918091e-01
2.803630828857421875e-01
1.850627213716506958e-01
2.710521221160888672e-01
1.634427905082702637e-01
2.119023054838180542e-01
2.351706624031066895e-01
1.577237099409103394e-01
2.471067011356353760e-01
1.987544298171997070e-01
1.390100568532943726e-01
3.085855543613433838e-01
1.777591258287429810e-01
2.532493174076080322e-01
2.250903546810150146e-01
2.083949446678161621e-01
2.359053641557693481e-01
2.488765716552734375e-01
1.724138259887695312e-01
1.817716062068939209e-01
1.440661847591400146e-01
2.169422507286071777e-01
1.700914800167083740e-01
1.943287402391433716e-01
1.825888752937316895e-01
1.676456630229949951e-01
1.744669228792190552e-01
2.419191598892211914e-01
2.086143642663955688e-01
2.345859408378601074e-01
1.858511269092559814e-01
1.757451742887496948e-01
1.843657642602920532e-01
1.573920249938964844e-01
1.214840412139892578e-01
1.905782073736190796e-01
1.822596043348312378e-01
1.846589148044586182e-01
1.627766937017440796e-01
1.807206422090530396e-01
1.645611375570297241e-01
1.403049230575561523e-01
2.062824070453643799e-01
1.770444959402084351e-01
1.622915267944335938e-01
2.415908128023147583e-01
3.421016633510589600e-01
1.827077269554138184e-01
1.426190286874771118e-01
1.789468824863433838e-01
1.858589500188827515e-01
1.324733942747116089e-01
1.630331426858901978e-01
2.178121656179428101e-01
2.216690331697463989e-01
1.729875504970550537e-01
1.765389144420623779e-01
1.892320811748504639e-01
3.076493442058563232e-01
1.799846887588500977e-01
2.376672625541687012e-01
3.339264392852783203e-01
2.547202408313751221e-01
1.507305800914764404e-01
2.172706276178359985e-01
2.327022701501846313e-01
1.362407356500625610e-01
2.180026322603225708e-01
1.448827683925628662e-01
1.802132427692413330e-01
2.366349846124649048e-01
1.434181630611419678e-01
1.639194339513778687e-01
1.632752418518066406e-01
2.156002372503280640e-01
1.851161271333694458e-01
2.083687186241149902e-01
1.685681492090225220e-01
2.064546346664428711e-01
1.965102851390838623e-01
2.133147865533828735e-01
2.105039805173873901e-01
1.639197468757629395e-01
1.648795753717422485e-01
2.033553421497344971e-01
1.761308312416076660e-01
2.486126720905303955e-01
1.597704887390136719e-01
2.954072952270507812e-01
1.981363445520401001e-01
2.490305751562118530e-01
1.376129537820816040e-01
2.220804393291473389e-01
2.284906357526779175e-01
2.095151543617248535e-01
1.844041794538497925e-01
1.924738585948944092e-01
2.489201873540878296e-01
2.423893362283706665e-01
2.299056500196456909e-01
2.060287743806838989e-01
2.383646368980407715e-01
1.567927896976470947e-01
2.211345434188842773e-01
1.862597316503524780e-01
2.148949205875396729e-01
2.346197366714477539e-01
2.802644371986389160e-01
1.908783912658691406e-01
1.620337069034576416e-01
2.742117941379547119e-01
1.566084474325180054e-01
3.083846271038055420e-01
2.368037253618240356e-01
3.102383613586425781e-01
2.633632719516754150e-01
3.242743909358978271e-01
2.001927942037582397e-01
2.136218994855880737e-01
3.362412452697753906e-01
1.957747191190719604e-01
2.778629064559936523e-01
2.783484160900115967e-01
2.616593241691589355e-01
1.707459539175033569e-01
2.647435665130615234e-01
2.075557410717010498e-01
1.461266130208969116e-01
2.292432636022567749e-01
3.257980346679687500e-01
2.059712558984756470e-01
2.824561595916748047e-01
2.584624886512756348e-01
2.016061693429946899e-01
2.839776277542114258e-01
3.392172455787658691e-01
2.117926180362701416e-01
2.713176906108856201e-01
2.044563740491867065e-01
2.241734862327575684e-01
1.679619401693344116e-01
1.874419152736663818e-01
2.139161974191665649e-01
2.116162031888961792e-01
1.592466235160827637e-01
1.966772377490997314e-01
1.854978501796722412e-01
2.844710052013397217e-01
1.991445273160934448e-01
2.134810090065002441e-01
2.237897366285324097e-01
1.756607741117477417e-01
1.862082630395889282e-01
2.028796970844268799e-01
1.654108315706253052e-01
2.667154967784881592e-01
1.842185705900192261e-01
1.947304457426071167e-01
1.838012784719467163e-01
2.056669890880584717e-01
1.860378235578536987e-01
1.742330789566040039e-01
2.102396190166473389e-01
1.772588640451431274e-01
2.200240641832351685e-01
1.928306519985198975e-01
1.790560930967330933e-01
1.607284992933273315e-01
1.736087203025817871e-01
1.345999687910079956e-01
1.600681543350219727e-01
1.545572280883789062e-01
2.645294666290283203e-01
2.339950352907180786e-01
1.947646886110305786e-01
1.599024534225463867e-01
1.551061570644378662e-01
1.427596062421798706e-01
1.431123614311218262e-01
1.456040591001510620e-01
2.390304654836654663e-01
2.766354680061340332e-01
2.087814211845397949e-01
2.692360579967498779e-01
1.291577517986297607e-01
2.593228220939636230e-01
2.205391824245452881e-01
1.883005648851394653e-01
1.812534481287002563e-01
1.847789287567138672e-01
2.674149572849273682e-01
2.215601652860641479e-01
2.253063321113586426e-01
2.523566186428070068e-01
2.303025871515274048e-01
2.179044485092163086e-01
1.347300708293914795e-01
2.659460604190826416e-01
2.152441293001174927e-01
1.674555242061614990e-01
1.512559503316879272e-01
2.001011669635772705e-01
1.722727268934249878e-01
1.886170804500579834e-01
2.079333662986755371e-01
1.353774815797805786e-01
1.700849086046218872e-01
2.014607638120651245e-01
2.287597805261611938e-01
1.874414682388305664e-01
1.908285915851593018e-01
1.736641228199005127e-01
1.074915155768394470e-01
1.432632356882095337e-01
2.170982509851455688e-01
2.050988227128982544e-01
1.522317826747894287e-01
1.416679024696350098e-01
1.335059553384780884e-01
1.953786909580230713e-01
2.666996121406555176e-01
2.145552337169647217e-01
2.424609214067459106e-01
2.459331154823303223e-01
2.787126004695892334e-01
1.884566247463226318e-01
2.454183399677276611e-01
1.408021748065948486e-01
1.765565723180770874e-01
2.750986218452453613e-01
1.758512407541275024e-01
2.709895074367523193e-01
3.392568826675415039e-01
2.807609140872955322e-01
1.919271945953369141e-01
1.204899400472640991e-01
2.023613005876541138e-01
1.937330216169357300e-01
1.454695612192153931e-01
2.258641272783279419e-01
2.193344235420227051e-01
2.303444594144821167e-01
3.108848631381988525e-01
2.792188227176666260e-01
2.023923248052597046e-01
2.162109613418579102e-01
2.860181033611297607e-01
3.169630467891693115e-01
2.469523549079895020e-01
1.713739782571792603e-01
2.489611059427261353e-01
1.859820187091827393e-01
2.140091508626937866e-01
1.360302269458770752e-01
2.616453170776367188e-01
2.039739191532135010e-01
2.488337308168411255e-01
2.785640060901641846e-01
2.294017672538757324e-01
2.725242972373962402e-01
2.649247646331787109e-01
2.335974723100662231e-01
2.021306455135345459e-01
1.925912499427795410e-01
2.856023013591766357e-01
2.084219753742218018e-01
1.521467119455337524e-01
1.701250076293945312e-01
1.803523898124694824e-01
1.643842607736587524e-01
1.333736181259155273e-01
1.573000997304916382e-01
1.794902235269546509e-01
1.897324025630950928e-01
2.596589028835296631e-01
1.185210943222045898e-01
1.541994363069534302e-01
1.628125607967376709e-01
1.986492872238159180e-01
1.535978317260742188e-01
1.410147845745086670e-01
1.332552880048751831e-01
1.519345343112945557e-01
2.204556614160537720e-01
1.574922055006027222e-01
2.211131453514099121e-01
1.670702695846557617e-01
1.431900262832641602e-01
1.083525493741035461e-01
1.872765570878982544e-01
2.287530899047851562e-01
1.934857517480850220e-01
2.093203067779541016e-01
1.778814345598220825e-01
1.437547355890274048e-01
2.220270037651062012e-01
2.123074978590011597e-01
2.673669457435607910e-01
2.573221921920776367e-01
1.805189549922943115e-01
2.006386518478393555e-01
1.956603080034255981e-01
1.419449895620346069e-01
1.563441008329391479e-01
1.411273926496505737e-01
1.675387918949127197e-01
2.022347450256347656e-01
1.732733100652694702e-01
1.434743553400039673e-01
1.963358223438262939e-01
2.149229943752288818e-01
2.113098502159118652e-01
2.068306952714920044e-01
1.746612638235092163e-01
2.276161164045333862e-01
1.657595038414001465e-01
1.950410902500152588e-01
1.561724692583084106e-01
2.350972592830657959e-01
1.868453323841094971e-01
2.073686420917510986e-01
1.729847937822341919e-01
2.279123961925506592e-01
2.005476206541061401e-01
2.666929662227630615e-01
1.719788461923599243e-01
2.461142241954803467e-01
1.904188692569732666e-01
1.837462037801742554e-01
2.762905955314636230e-01
2.650350332260131836e-01
