9.146527647972106934e-01
9.516259431838989258e-01
1.455604314804077148e+00
5.004996061325073242e-01
7.420963048934936523e-01
7.519347071647644043e-01
6.422929763793945312e-01
8.176237344741821289e-01
4.634205698966979980e-01
4.954861700534820557e-01
4.684869945049285889e-01
3.598519563674926758e-01
6.312829256057739258e-01
4.933600127696990967e-01
4.277983903884887695e-01
5.297725796699523926e-01
4.897199273109436035e-01
5.824030041694641113e-01
2.859484851360321045e-01
3.059377372264862061e-01
4.197677075862884521e-01
3.321541547775268555e-01
3.590790927410125732e-01
3.848683238029479980e-01
3.521734774112701416e-01
2.975923418998718262e-01
3.385409414768218994e-01
3.358782827854156494e-01
3.930088877677917480e-01
3.472231924533843994e-01
3.602016270160675049e-01
3.106605112552642822e-01
2.382530122995376587e-01
5.322007536888122559e-01
3.675123751163482666e-01
3.275997936725616455e-01
2.846128344535827637e-01
4.874852299690246582e-01
2.949716448783874512e-01
3.354246616363525391e-01
4.433733224868774414e-01
4.304122328758239746e-01
2.494329363107681274e-01
2.776064574718475342e-01
3.801305294036865234e-01
3.541060388088226318e-01
3.216429352760314941e-01
3.145829737186431885e-01
5.167399644851684570e-01
2.937817275524139404e-01
3.068557083606719971e-01
2.310796678066253662e-01
3.217140436172485352e-01
4.198368787765502930e-01
3.386948406696319580e-01
3.736578226089477539e-01
2.974264025688171387e-01
3.631219267845153809e-01
3.809952139854431152e-01
3.177663683891296387e-01
3.168682456016540527e-01
3.339046239852905273e-01
3.895661532878875732e-01
2.818911075592041016e-01
2.336996048688888550e-01
2.947159409523010254e-01
2.545377314090728760e-01
3.726073205471038818e-01
1.817330420017242432e-01
2.705093622207641602e-01
2.356223911046981812e-01
2.888288795948028564e-01
3.684637546539306641e-01
2.253845930099487305e-01
2.734556198120117188e-01
2.935570180416107178e-01
1.968610733747482300e-01
2.611099779605865479e-01
2.841056287288665771e-01
3.652090728282928467e-01
3.499512672424316406e-01
1.843589544296264648e-01
2.016162127256393433e-01
3.209030926227569580e-01
2.658785581588745117e-01
3.037026524543762207e-01
2.957655787467956543e-01
2.227820307016372681e-01
2.672726213932037354e-01
2.411296069622039795e-01
2.376744598150253296e-01
2.967473566532135010e-01
2.962521016597747803e-01
2.556151151657104492e-01
2.499445378780364990e-01
3.430078327655792236e-01
2.719716727733612061e-01
2.952894866466522217e-01
2.355304807424545288e-01
2.045273780822753906e-01
5.347456336021423340e-01
3.009160757064819336e-01
2.609270513057708740e-01
3.313383162021636963e-01
3.106372654438018799e-01
3.435457050800323486e-01
2.000129520893096924e-01
2.631204426288604736e-01
3.869232535362243652e-01
2.373049110174179077e-01
3.201150596141815186e-01
2.913995087146759033e-01
3.659548759460449219e-01
2.220609188079833984e-01
3.122762143611907959e-01
2.911164164543151855e-01
2.299453318119049072e-01
2.481744289398193359e-01
3.429083526134490967e-01
2.061851322650909424e-01
2.510231137275695801e-01
2.631173729896545410e-01
2.407761812210083008e-01
2.630686759948730469e-01
3.294331431388854980e-01
2.137335091829299927e-01
1.847083121538162231e-01
2.355706989765167236e-01
3.081776201725006104e-01
1.950750648975372314e-01
3.335855007171630859e-01
3.143614828586578369e-01
2.977637946605682373e-01
3.591730296611785889e-01
3.380250334739685059e-01
2.882400155067443848e-01
2.542997300624847412e-01
2.170148640871047974e-01
2.900515794754028320e-01
2.389632016420364380e-01
2.519814372062683105e-01
2.200953066349029541e-01
2.471505552530288696e-01
3.147219419479370117e-01
2.539002597332000732e-01
3.832892477512359619e-01
2.561335265636444092e-01
2.563985586166381836e-01
2.940043509006500244e-01
3.060323596000671387e-01
1.830736398696899414e-01
2.949468493461608887e-01
2.695682346820831299e-01
3.491099476814270020e-01
2.525990903377532959e-01
3.002345263957977295e-01
3.757166266441345215e-01
2.278365045785903931e-01
3.211427330970764160e-01
1.885735094547271729e-01
1.645538061857223511e-01
1.754007339477539062e-01
3.673692047595977783e-01
2.103721797466278076e-01
2.529060840606689453e-01
1.634879857301712036e-01
2.121985256671905518e-01
3.060268759727478027e-01
2.028749287128448486e-01
2.279868274927139282e-01
2.720321416854858398e-01
1.649736166000366211e-01
2.543627917766571045e-01
2.978151142597198486e-01
3.024069368839263916e-01
1.958769410848617554e-01
2.581803500652313232e-01
3.580922782421112061e-01
2.478975206613540649e-01
2.670156359672546387e-01
3.526102602481842041e-01
3.723389804363250732e-01
2.939587533473968506e-01
2.703085243701934814e-01
2.330608814954757690e-01
3.043698966503143311e-01
2.789767384529113770e-01
2.850324809551239014e-01
2.378999739885330200e-01
2.064192146062850952e-01
2.218339443206787109e-01
2.709137201309204102e-01
2.341418564319610596e-01
2.105984836816787720e-01
2.683343589305877686e-01
2.041618227958679199e-01
2.477489411830902100e-01
2.249105572700500488e-01
1.718554049730300903e-01
3.561013340950012207e-01
3.759036660194396973e-01
2.981348037719726562e-01
2.620314359664916992e-01
2.473591864109039307e-01
2.934853434562683105e-01
3.835511803627014160e-01
2.508720755577087402e-01
2.181241661310195923e-01
2.134990543127059937e-01
2.075789272785186768e-01
4.617204368114471436e-01
2.861903011798858643e-01
3.325030207633972168e-01
2.405232489109039307e-01
3.412039875984191895e-01
2.793529331684112549e-01
3.005234003067016602e-01
2.385035455226898193e-01
3.098050653934478760e-01
2.326488643884658813e-01
2.195748239755630493e-01
2.351985573768615723e-01
2.306101322174072266e-01
2.472176998853683472e-01
2.563226222991943359e-01
2.209371179342269897e-01
2.933053374290466309e-01
2.822226285934448242e-01
1.965612173080444336e-01
2.701617777347564697e-01
2.496999204158782959e-01
1.947254687547683716e-01
2.250215411186218262e-01
4.238714575767517090e-01
1.940203905105590820e-01
2.197926491498947144e-01
3.051000237464904785e-01
3.254952430725097656e-01
2.209051996469497681e-01
2.821622192859649658e-01
2.013771981000900269e-01
2.165623158216476440e-01
2.260591387748718262e-01
2.927909791469573975e-01
2.785218060016632080e-01
2.440004646778106689e-01
1.763495355844497681e-01
3.931066989898681641e-01
2.515405416488647461e-01
1.714523285627365112e-01
2.344163209199905396e-01
3.822541832923889160e-01
1.956466585397720337e-01
2.373777478933334351e-01
2.719492912292480469e-01
1.956641077995300293e-01
3.079345524311065674e-01
2.789779007434844971e-01
2.407563328742980957e-01
2.138875722885131836e-01
3.303549587726593018e-01
3.095490634441375732e-01
2.405100464820861816e-01
1.872361302375793457e-01
3.014616966247558594e-01
2.989029586315155029e-01
2.200585156679153442e-01
2.506583929061889648e-01
2.129446864128112793e-01
2.055697590112686157e-01
2.226394563913345337e-01
1.977621018886566162e-01
3.563431203365325928e-01
2.958078384399414062e-01
2.398658245801925659e-01
1.901854276657104492e-01
2.701898515224456787e-01
2.215397655963897705e-01
3.247059285640716553e-01
2.003038674592971802e-01
2.366851419210433960e-01
1.993038207292556763e-01
2.791156172752380371e-01
3.170709609985351562e-01
2.761265635490417480e-01
2.746059894561767578e-01
2.016831040382385254e-01
1.804248839616775513e-01
1.997546404600143433e-01
2.364766448736190796e-01
3.081167340278625488e-01
2.136125862598419189e-01
2.362199872732162476e-01
1.804779171943664551e-01
2.820408344268798828e-01
2.612934410572052002e-01
2.849869132041931152e-01
3.119653463363647461e-01
2.641448378562927246e-01
2.200856357812881470e-01
1.928687840700149536e-01
1.788618266582489014e-01
1.937745958566665649e-01
2.267829775810241699e-01
2.837855517864227295e-01
2.267168164253234863e-01
1.790901273488998413e-01
2.368054389953613281e-01
1.401113122701644897e-01
4.128256440162658691e-01
2.741886973381042480e-01
3.248880207538604736e-01
2.672576904296875000e-01
2.671518027782440186e-01
2.031945735216140747e-01
3.015590906143188477e-01
1.914375126361846924e-01
2.287200838327407837e-01
3.584236800670623779e-01
3.013697266578674316e-01
2.715855836868286133e-01
3.336865603923797607e-01
2.089699059724807739e-01
1.905161440372467041e-01
2.655658125877380371e-01
1.817425936460494995e-01
2.167804837226867676e-01
1.911261528730392456e-01
1.717401891946792603e-01
3.228267729282379150e-01
2.501838505268096924e-01
3.101456761360168457e-01
2.803587019443511963e-01
2.136967778205871582e-01
3.495509028434753418e-01
2.335355728864669800e-01
2.804126441478729248e-01
2.320365905761718750e-01
2.688627839088439941e-01
2.265540808439254761e-01
1.861646920442581177e-01
2.099678963422775269e-01
1.963982880115509033e-01
2.301581352949142456e-01
2.043744325637817383e-01
2.296595275402069092e-01
2.612255215644836426e-01
1.911126673221588135e-01
2.781033217906951904e-01
2.199774384498596191e-01
2.224606275558471680e-01
2.421873509883880615e-01
1.667002886533737183e-01
1.898467987775802612e-01
1.417962163686752319e-01
2.299568355083465576e-01
1.898292303085327148e-01
2.387974560260772705e-01
1.926498115062713623e-01
3.320602774620056152e-01
2.298052459955215454e-01
2.404474765062332153e-01
2.788071930408477783e-01
2.722544372081756592e-01
3.146846294403076172e-01
1.606812626123428345e-01
1.638292074203491211e-01
2.027357667684555054e-01
2.985468208789825439e-01
2.140561789274215698e-01
2.534428536891937256e-01
4.040825664997100830e-01
2.606630623340606689e-01
2.225760221481323242e-01
2.085826545953750610e-01
1.706480085849761963e-01
3.163131475448608398e-01
3.195140659809112549e-01
3.698264658451080322e-01
2.686102092266082764e-01
1.909049451351165771e-01
3.292845785617828369e-01
1.983558833599090576e-01
2.341568171977996826e-01
2.559709548950195312e-01
3.167187869548797607e-01
2.575620412826538086e-01
2.064262330532073975e-01
1.951557248830795288e-01
2.109756320714950562e-01
2.168169170618057251e-01
1.970778703689575195e-01
3.083482086658477783e-01
2.291965335607528687e-01
2.179590016603469849e-01
2.030068039894104004e-01
1.460944116115570068e-01
2.175859659910202026e-01
2.314641624689102173e-01
1.766434758901596069e-01
2.013787329196929932e-01
2.348650991916656494e-01
2.303959876298904419e-01
2.791865468025207520e-01
2.360580861568450928e-01
2.562143504619598389e-01
2.202261239290237427e-01
1.739795356988906860e-01
2.480381280183792114e-01
1.899419575929641724e-01
1.873034387826919556e-01
2.135464698076248169e-01
1.429417431354522705e-01
2.626392543315887451e-01
2.115406244993209839e-01
1.489166468381881714e-01
2.169441133737564087e-01
2.893155813217163086e-01
1.467980444431304932e-01
3.025083243846893311e-01
2.490653544664382935e-01
2.301577329635620117e-01
2.515292763710021973e-01
1.927732378244400024e-01
2.661963403224945068e-01
2.613121867179870605e-01
1.907646656036376953e-01
1.672755926847457886e-01
2.069332003593444824e-01
3.367269039154052734e-01
2.164395898580551147e-01
3.462823927402496338e-01
2.333214879035949707e-01
2.737883925437927246e-01
1.997898370027542114e-01
1.720907092094421387e-01
3.889987170696258545e-01
1.925668865442276001e-01
2.816181778907775879e-01
2.153105139732360840e-01
2.113452404737472534e-01
1.990559250116348267e-01
2.492296099662780762e-01
1.822784990072250366e-01
3.242105841636657715e-01
1.453328132629394531e-01
2.595032751560211182e-01
2.172055989503860474e-01
2.175939977169036865e-01
2.460646629333496094e-01
2.469836771488189697e-01
1.944545954465866089e-01
1.864951699972152710e-01
2.370619773864746094e-01
1.888659298419952393e-01
1.568032801151275635e-01
2.113929837942123413e-01
2.229649722576141357e-01
1.701419055461883545e-01
2.289908379316329956e-01
1.873687356710433960e-01
1.657269448041915894e-01
3.014505803585052490e-01
2.100190669298171997e-01
2.149935066699981689e-01
1.817589402198791504e-01
2.715372145175933838e-01
2.526641190052032471e-01
1.395734250545501709e-01
2.585704922676086426e-01
2.241109013557434082e-01
2.130863219499588013e-01
2.263071238994598389e-01
2.746835649013519287e-01
2.864588797092437744e-01
2.680547833442687988e-01
2.348916530609130859e-01
2.129715383052825928e-01
2.073065489530563354e-01
1.860165446996688843e-01
1.587965786457061768e-01
1.892183870077133179e-01
2.757804095745086670e-01
1.898151338100433350e-01
2.318837046623229980e-01
2.019816190004348755e-01
3.142973482608795166e-01
1.618254184722900391e-01
2.407454997301101685e-01
1.715358942747116089e-01
2.017341703176498413e-01
2.247251719236373901e-01
2.904981970787048340e-01
1.810183823108673096e-01
1.950884312391281128e-01
2.121428996324539185e-01
3.098802864551544189e-01
2.256875634193420410e-01
1.931273937225341797e-01
2.263246625661849976e-01
2.469741404056549072e-01
2.103781551122665405e-01
3.184677362442016602e-01
2.225379347801208496e-01
2.050694078207015991e-01
2.096495032310485840e-01
2.417221814393997192e-01
2.650162875652313232e-01
1.942640990018844604e-01
2.756412029266357422e-01
2.818470001220703125e-01
2.005534619092941284e-01
3.609175086021423340e-01
2.096450030803680420e-01
2.498808056116104126e-01
1.707513183355331421e-01
2.187762856483459473e-01
1.781159192323684692e-01
2.057902216911315918e-01
2.678865492343902588e-01
1.912763863801956177e-01
2.485897094011306763e-01
2.644839882850646973e-01
3.072689175605773926e-01
1.878741383552551270e-01
1.912547349929809570e-01
1.818873882293701172e-01
2.494515031576156616e-01
2.562293112277984619e-01
2.204841226339340210e-01
1.964643597602844238e-01
1.948795467615127563e-01
1.597695350646972656e-01
2.362959533929824829e-01
2.214118987321853638e-01
1.794696152210235596e-01
2.246647328138351440e-01
3.629662692546844482e-01
3.254706859588623047e-01
3.146450817584991455e-01
3.424853086471557617e-01
2.877444028854370117e-01
2.012614607810974121e-01
2.129006832838058472e-01
1.893713027238845825e-01
2.014211267232894897e-01
3.351514041423797607e-01
2.330234050750732422e-01
2.163366824388504028e-01
3.294311165809631348e-01
1.884588301181793213e-01
1.902430206537246704e-01
2.124090492725372314e-01
2.215687781572341919e-01
2.323916256427764893e-01
2.294261008501052856e-01
2.669146060943603516e-01
1.978861093521118164e-01
2.460880726575851440e-01
2.561564147472381592e-01
3.415306806564331055e-01
1.907428950071334839e-01
3.009726703166961670e-01
2.608924508094787598e-01
2.217808365821838379e-01
2.315370887517929077e-01
2.408530712127685547e-01
1.922664046287536621e-01
2.280225455760955811e-01
2.507552206516265869e-01
1.798293292522430420e-01
2.206219881772994995e-01
2.291177064180374146e-01
2.208089381456375122e-01
1.785183399915695190e-01
2.017399966716766357e-01
1.936639994382858276e-01
1.896883845329284668e-01
2.931979596614837646e-01
2.611695826053619385e-01
1.750300675630569458e-01
2.133983969688415527e-01
2.192541658878326416e-01
2.759255766868591309e-01
2.199098616838455200e-01
3.537971079349517822e-01
1.840485781431198120e-01
2.455197870731353760e-01
3.321929872035980225e-01
2.554776668548583984e-01
1.873512119054794312e-01
2.790374159812927246e-01
2.722947597503662109e-01
1.791688203811645508e-01
2.301879078149795532e-01
1.701454222202301025e-01
2.026195973157882690e-01
2.051174044609069824e-01
3.788599073886871338e-01
1.865493506193161011e-01
2.381753921508789062e-01
2.343062460422515869e-01
1.809999197721481323e-01
1.542042791843414307e-01
2.493892461061477661e-01
2.507025599479675293e-01
1.977377533912658691e-01
2.945042550563812256e-01
2.041406631469726562e-01
3.059174418449401855e-01
3.156887292861938477e-01
3.313814699649810791e-01
2.806517779827117920e-01
2.102852910757064819e-01
2.874065935611724854e-01
2.350051403045654297e-01
1.916935741901397705e-01
3.025376200675964355e-01
1.828431338071823120e-01
2.381265312433242798e-01
2.968029975891113281e-01
1.699514687061309814e-01
2.247187346220016479e-01
3.065401017665863037e-01
2.823448777198791504e-01
2.299249321222305298e-01
2.224470078945159912e-01
2.200824320316314697e-01
2.049596309661865234e-01
2.140040993690490723e-01
2.822082340717315674e-01
2.091374993324279785e-01
2.230912744998931885e-01
1.414644420146942139e-01
2.290086150169372559e-01
1.654778271913528442e-01
2.322888672351837158e-01
1.976883411407470703e-01
2.374379336833953857e-01
1.854999214410781860e-01
1.742551177740097046e-01
1.967063546180725098e-01
2.219604253768920898e-01
1.859086602926254272e-01
2.195736914873123169e-01
1.710145622491836548e-01
3.211576640605926514e-01
2.124046385288238525e-01
1.691012978553771973e-01
2.858237326145172119e-01
1.675978153944015503e-01
2.410596609115600586e-01
1.909276843070983887e-01
2.026357203722000122e-01
2.330712974071502686e-01
2.677641212940216064e-01
2.204245924949645996e-01
2.149030566215515137e-01
2.169327288866043091e-01
1.903134584426879883e-01
2.060494422912597656e-01
1.744097769260406494e-01
2.196154147386550903e-01
2.351443618535995483e-01
2.785613834857940674e-01
1.823802888393402100e-01
1.948508322238922119e-01
2.279162704944610596e-01
2.047709673643112183e-01
2.662085592746734619e-01
1.957735866308212280e-01
2.531548142433166504e-01
1.902706623077392578e-01
2.578463852405548096e-01
1.627241671085357666e-01
2.338316738605499268e-01
2.260958850383758545e-01
1.668765246868133545e-01
2.562307119369506836e-01
2.044346034526824951e-01
1.535095274448394775e-01
3.550011515617370605e-01
2.190253436565399170e-01
3.891360163688659668e-01
2.588808536529541016e-01
2.530491352081298828e-01
3.605225086212158203e-01
3.078988790512084961e-01
2.048311382532119751e-01
2.485286295413970947e-01
2.256209701299667358e-01
3.307812511920928955e-01
2.275692820549011230e-01
2.412034720182418823e-01
2.461044192314147949e-01
2.242058962583541870e-01
2.087490409612655640e-01
2.632344663143157959e-01
2.498137652873992920e-01
2.780928015708923340e-01
2.043347507715225220e-01
1.908076256513595581e-01
2.189777791500091553e-01
1.735999286174774170e-01
1.244564801454544067e-01
2.113276720046997070e-01
1.982023864984512329e-01
1.930886507034301758e-01
1.771157979965209961e-01
2.001407295465469360e-01
1.763116121292114258e-01
1.565461009740829468e-01
2.296768724918365479e-01
1.900843530893325806e-01
1.869903802871704102e-01
2.800689637660980225e-01
4.290354549884796143e-01
2.003147006034851074e-01
1.537491679191589355e-01
2.236888110637664795e-01
2.035466134548187256e-01
1.475882381200790405e-01
1.936429589986801147e-01
2.341103255748748779e-01
2.423868477344512939e-01
1.869314610958099365e-01
1.953583359718322754e-01
2.095456719398498535e-01
3.102260529994964600e-01
2.083938121795654297e-01
2.293970137834548950e-01
3.622640967369079590e-01
2.482135891914367676e-01
1.593418866395950317e-01
2.451137155294418335e-01
2.324258983135223389e-01
1.497546136379241943e-01
2.156050354242324829e-01
1.564687937498092651e-01
1.929731220006942749e-01
2.495472729206085205e-01
1.560157686471939087e-01
1.739351004362106323e-01
1.820928752422332764e-01
2.319470494985580444e-01
1.854452192783355713e-01
2.083686739206314087e-01
1.767037063837051392e-01
1.994355320930480957e-01
2.027956098318099976e-01
2.146890610456466675e-01
2.185764163732528687e-01
1.762540191411972046e-01
1.577598005533218384e-01
2.046541273593902588e-01
1.581508070230484009e-01
2.412588149309158325e-01
1.639062017202377319e-01
2.431698441505432129e-01
1.881230771541595459e-01
2.120516151189804077e-01
1.288725584745407104e-01
2.158450186252593994e-01
2.259881943464279175e-01
2.072094529867172241e-01
1.863471269607543945e-01
1.965601146221160889e-01
2.501229345798492432e-01
2.370872646570205688e-01
2.287902832031250000e-01
2.143736183643341064e-01
2.347743362188339233e-01
1.617759466171264648e-01
2.175640016794204712e-01
1.879755109548568726e-01
2.303097844123840332e-01
2.398031949996948242e-01
3.007555902004241943e-01
2.083424776792526245e-01
1.698583513498306274e-01
2.938401103019714355e-01
1.696201860904693604e-01
2.958857417106628418e-01
2.312536835670471191e-01
2.753247320652008057e-01
2.632390260696411133e-01
2.742178738117218018e-01
2.130873352289199829e-01
2.166909873485565186e-01
2.909219563007354736e-01
2.042737603187561035e-01
2.595293223857879639e-01
2.434569597244262695e-01
2.830266356468200684e-01
1.549426019191741943e-01
2.253659516572952271e-01
1.893896907567977905e-01
1.384490430355072021e-01
2.027213424444198608e-01
2.765955924987792969e-01
2.054423987865447998e-01
2.667881846427917480e-01
2.283747941255569458e-01
2.008625268936157227e-01
3.045679032802581787e-01
2.880346477031707764e-01
2.548092007637023926e-01
2.756342589855194092e-01
2.049976587295532227e-01
2.371955215930938721e-01
1.768632233142852783e-01
1.811284869909286499e-01
2.021034806966781616e-01
2.179449647665023804e-01
1.577161699533462524e-01
1.967563629150390625e-01
1.889795958995819092e-01
2.865601480007171631e-01
2.073867768049240112e-01
2.176763713359832764e-01
2.368191927671432495e-01
1.884957849979400635e-01
2.002132236957550049e-01
2.129586040973663330e-01
1.731074750423431396e-01
2.679576277732849121e-01
1.859324574470520020e-01
1.959317028522491455e-01
1.886219233274459839e-01
1.975642591714859009e-01
1.839695870876312256e-01
1.824963390827178955e-01
2.058482021093368530e-01
1.799153238534927368e-01
2.227587997913360596e-01
1.852178871631622314e-01
1.777629256248474121e-01
1.668721437454223633e-01
1.832987517118453979e-01
1.341772973537445068e-01
1.655158102512359619e-01
1.585954576730728149e-01
2.691109776496887207e-01
2.439839690923690796e-01
2.022093236446380615e-01
1.636722385883331299e-01
1.614485532045364380e-01
1.463741809129714966e-01
1.479190737009048462e-01
1.499629169702529907e-01
2.389853745698928833e-01
2.738108038902282715e-01
2.170320004224777222e-01
2.732903957366943359e-01
1.334246397018432617e-01
2.678157389163970947e-01
2.242189794778823853e-01
1.932020038366317749e-01
1.856309324502944946e-01
1.912151575088500977e-01
2.696810066699981689e-01
2.263175845146179199e-01
2.308582365512847900e-01
2.640090882778167725e-01
2.340348362922668457e-01
2.362329959869384766e-01
1.358697861433029175e-01
2.902312576770782471e-01
2.070244550704956055e-01
1.816786676645278931e-01
1.666502952575683594e-01
1.937423348426818848e-01
1.843848526477813721e-01
1.973805427551269531e-01
2.077695727348327637e-01
1.480406671762466431e-01
1.722564995288848877e-01
2.074199318885803223e-01
2.409592419862747192e-01
1.927515864372253418e-01
1.981251686811447144e-01
1.783786267042160034e-01
1.122921854257583618e-01
1.464167833328247070e-01
2.276387959718704224e-01
2.126167267560958862e-01
1.578050702810287476e-01
1.492881476879119873e-01
1.373023539781570435e-01
2.035050094127655029e-01
2.709788680076599121e-01
2.222239375114440918e-01
2.478713989257812500e-01
2.478508502244949341e-01
2.857919633388519287e-01
1.886179596185684204e-01
2.439507693052291870e-01
1.440608501434326172e-01
1.695820242166519165e-01
2.828155755996704102e-01
1.618294566869735718e-01
2.653394639492034912e-01
3.411345481872558594e-01
2.810429632663726807e-01
1.902012377977371216e-01
1.203280612826347351e-01
2.122084051370620728e-01
1.927211135625839233e-01
1.422815769910812378e-01
2.394757419824600220e-01
2.189717739820480347e-01
2.362019419670104980e-01
3.412717580795288086e-01
2.798361778259277344e-01
2.129734456539154053e-01
2.442693859338760376e-01
2.846698760986328125e-01
3.392792940139770508e-01
2.643323242664337158e-01
1.773988902568817139e-01
2.549197673797607422e-01
2.016305327415466309e-01
2.273371368646621704e-01
1.384730488061904907e-01
2.814849317073822021e-01
2.247043401002883911e-01
2.438575178384780884e-01
3.140865266323089600e-01
2.266739308834075928e-01
2.628543972969055176e-01
2.842710018157958984e-01
2.420881092548370361e-01
2.046881914138793945e-01
2.028333693742752075e-01
3.015763759613037109e-01
2.105943113565444946e-01
1.610687822103500366e-01
1.939433366060256958e-01
1.919281333684921265e-01
1.667292714118957520e-01
1.470375061035156250e-01
1.746145039796829224e-01
1.819866001605987549e-01
2.048066556453704834e-01
2.782673239707946777e-01
1.256787031888961792e-01
1.731639504432678223e-01
1.754453778266906738e-01
2.080736905336380005e-01
1.633875668048858643e-01
1.525412946939468384e-01
1.445259004831314087e-01
1.612845510244369507e-01
2.355159074068069458e-01
1.672587543725967407e-01
2.333323210477828979e-01
1.772636026144027710e-01
1.560734808444976807e-01
1.150101944804191589e-01
1.942377686500549316e-01
2.606046199798583984e-01
1.982322186231613159e-01
2.338011115789413452e-01
1.900356262922286987e-01
1.518927514553070068e-01
2.441592216491699219e-01
2.215025424957275391e-01
2.804581522941589355e-01
2.712384462356567383e-01
1.938309520483016968e-01
2.076798826456069946e-01
2.117122113704681396e-01
1.499083191156387329e-01
1.593101173639297485e-01
1.473188996315002441e-01
1.845265179872512817e-01
2.068076878786087036e-01
1.850143969058990479e-01
1.480052471160888672e-01
2.017010152339935303e-01
2.253452390432357788e-01
2.183660715818405151e-01
2.209966927766799927e-01
1.751349121332168579e-01
2.543886005878448486e-01
1.701898276805877686e-01
2.178189307451248169e-01
1.623381376266479492e-01
2.551220655441284180e-01
1.916786283254623413e-01
2.157245129346847534e-01
1.878643184900283813e-01
2.302953004837036133e-01
2.105341553688049316e-01
2.902350425720214844e-01
1.761513054370880127e-01
2.687909007072448730e-01
1.991659700870513916e-01
1.857402175664901733e-01
3.362048864364624023e-01
2.515199780464172363e-01
