8.729540109634399414e-01
7.450479865074157715e-01
4.647769927978515625e-01
4.337664842605590820e-01
4.128851294517517090e-01
3.476194143295288086e-01
2.894823253154754639e-01
2.707231640815734863e-01
2.997069954872131348e-01
2.924512326717376709e-01
2.816186845302581787e-01
2.436206340789794922e-01
2.232250869274139404e-01
2.518401741981506348e-01
1.910961717367172241e-01
2.045126706361770630e-01
2.002790570259094238e-01
2.001461833715438843e-01
1.708702892065048218e-01
1.635553538799285889e-01
1.792902946472167969e-01
1.924994885921478271e-01
1.644589006900787354e-01
1.764673590660095215e-01
1.574509143829345703e-01
1.454035341739654541e-01
1.672677397727966309e-01
1.450136899948120117e-01
1.305047869682312012e-01
1.273682713508605957e-01
1.356756538152694702e-01
1.371850818395614624e-01
1.028870046138763428e-01
1.227433383464813232e-01
1.127135157585144043e-01
1.130413934588432312e-01
1.104882210493087769e-01
9.220869839191436768e-02
1.101798415184020996e-01
9.351837635040283203e-02
9.476745873689651489e-02
1.074967831373214722e-01
1.053804382681846619e-01
9.382313489913940430e-02
9.048130363225936890e-02
9.331212192773818970e-02
9.667736291885375977e-02
9.538050740957260132e-02
8.758296817541122437e-02
8.495109528303146362e-02
8.139415830373764038e-02
8.139906078577041626e-02
7.014346867799758911e-02
6.549088656902313232e-02
8.576275408267974854e-02
8.135645091533660889e-02
7.474424690008163452e-02
7.560708373785018921e-02
7.020548731088638306e-02
7.024100422859191895e-02
7.094994932413101196e-02
6.927791982889175415e-02
6.444662809371948242e-02
6.860658526420593262e-02
5.971084535121917725e-02
6.626275926828384399e-02
6.277221441268920898e-02
6.074614822864532471e-02
5.835682898759841919e-02
5.498325452208518982e-02
5.446224287152290344e-02
5.529907345771789551e-02
5.478851497173309326e-02
6.260796636343002319e-02
5.988143384456634521e-02
4.853104427456855774e-02
5.268977209925651550e-02
5.069809779524803162e-02
4.935868084430694580e-02
5.083351209759712219e-02
5.380671098828315735e-02
4.829762130975723267e-02
4.742815345525741577e-02
4.591087996959686279e-02
5.161182209849357605e-02
4.385384544730186462e-02
4.219743981957435608e-02
4.641196504235267639e-02
4.821296036243438721e-02
5.066012591123580933e-02
4.737397283315658569e-02
4.717880487442016602e-02
4.384247958660125732e-02
4.377177357673645020e-02
4.802736639976501465e-02
4.592918977141380310e-02
4.466236382722854614e-02
4.850283637642860413e-02
4.072714596986770630e-02
4.386653006076812744e-02
4.105644673109054565e-02
3.760274872183799744e-02
4.208360984921455383e-02
4.685658589005470276e-02
3.712425380945205688e-02
3.727092966437339783e-02
4.810720309615135193e-02
3.485355898737907410e-02
4.444271326065063477e-02
3.980520367622375488e-02
4.324322193861007690e-02
4.199876636266708374e-02
3.965530544519424438e-02
4.079777747392654419e-02
3.671996667981147766e-02
4.444344341754913330e-02
4.132284596562385559e-02
4.295150190591812134e-02
3.917801007628440857e-02
3.596911951899528503e-02
4.043697938323020935e-02
3.584704175591468811e-02
3.931325301527976990e-02
3.694719448685646057e-02
4.070087522268295288e-02
3.792693465948104858e-02
3.786080330610275269e-02
3.946766257286071777e-02
3.909401968121528625e-02
4.281701892614364624e-02
3.799064084887504578e-02
3.848995640873908997e-02
4.130002856254577637e-02
4.299424588680267334e-02
3.556277230381965637e-02
4.086191579699516296e-02
3.972509503364562988e-02
3.380926698446273804e-02
3.544481471180915833e-02
3.667488321661949158e-02
3.713119775056838989e-02
4.121303558349609375e-02
3.807266429066658020e-02
3.425090387463569641e-02
4.457236081361770630e-02
3.821345791220664978e-02
3.823675960302352905e-02
3.794382885098457336e-02
3.879020363092422485e-02
3.761019930243492126e-02
3.884178400039672852e-02
3.405100852251052856e-02
2.863629162311553955e-02
3.750931471586227417e-02
3.820190206170082092e-02
3.554722666740417480e-02
4.439920932054519653e-02
3.435212001204490662e-02
3.457095846533775330e-02
3.361532464623451233e-02
4.273030161857604980e-02
3.472352400422096252e-02
3.065029345452785492e-02
3.617937117815017700e-02
3.882018849253654480e-02
3.353320807218551636e-02
4.260807484388351440e-02
3.321782127022743225e-02
3.811733424663543701e-02
4.073403775691986084e-02
3.992629051208496094e-02
3.822194039821624756e-02
3.684884309768676758e-02
4.084932431578636169e-02
3.273648396134376526e-02
3.947547078132629395e-02
3.245006129145622253e-02
3.295388817787170410e-02
3.772062063217163086e-02
3.627952188253402710e-02
3.302612900733947754e-02
3.609173744916915894e-02
3.681735321879386902e-02
3.197484835982322693e-02
3.408895432949066162e-02
3.496446087956428528e-02
3.862794488668441772e-02
3.269965574145317078e-02
3.460235148668289185e-02
3.443115577101707458e-02
3.066943585872650146e-02
3.492678701877593994e-02
3.372082859277725220e-02
3.452710807323455811e-02
3.332972526550292969e-02
3.258719295263290405e-02
3.385933488607406616e-02
3.043333813548088074e-02
3.182857856154441833e-02
2.968101762235164642e-02
3.517111390829086304e-02
3.305478021502494812e-02
3.285411745309829712e-02
3.119778074324131012e-02
3.256180882453918457e-02
3.727177530527114868e-02
3.601881861686706543e-02
3.584045544266700745e-02
3.612526133656501770e-02
3.616674989461898804e-02
3.032459691166877747e-02
3.014085814356803894e-02
3.807141259312629700e-02
3.105928748846054077e-02
3.749316185712814331e-02
3.827132284641265869e-02
3.636541962623596191e-02
3.268500417470932007e-02
3.334178030490875244e-02
3.307247906923294067e-02
3.136320784687995911e-02
3.478513285517692566e-02
2.811074070632457733e-02
3.555475175380706787e-02
3.427361324429512024e-02
3.246079012751579285e-02
2.930221147835254669e-02
3.269007429480552673e-02
3.451077267527580261e-02
3.023419156670570374e-02
2.908821962773799896e-02
2.793777547776699066e-02
3.169985488057136536e-02
3.271992504596710205e-02
3.279447183012962341e-02
3.115257620811462402e-02
2.985164895653724670e-02
2.406038157641887665e-02
3.289197012782096863e-02
3.443584963679313660e-02
3.283188864588737488e-02
2.713231183588504791e-02
3.474755585193634033e-02
3.032338805496692657e-02
2.959359250962734222e-02
3.389257565140724182e-02
2.684963308274745941e-02
3.045012615621089935e-02
3.301222622394561768e-02
2.994407899677753448e-02
3.296369686722755432e-02
2.746179886162281036e-02
2.743920683860778809e-02
2.696878090500831604e-02
3.330012038350105286e-02
3.063604980707168579e-02
2.909540571272373199e-02
2.931835316121578217e-02
3.159360960125923157e-02
2.880285307765007019e-02
2.736728638410568237e-02
3.254590928554534912e-02
2.285345457494258881e-02
2.462026104331016541e-02
3.046990558505058289e-02
2.959197945892810822e-02
2.604635246098041534e-02
2.609418146312236786e-02
2.802190557122230530e-02
3.596681728959083557e-02
3.036430291831493378e-02
3.275072202086448669e-02
2.981550432741641998e-02
2.989332936704158783e-02
2.613231912255287170e-02
2.933496609330177307e-02
2.743109129369258881e-02
3.017895482480525970e-02
3.119130432605743408e-02
2.456180937588214874e-02
2.571692876517772675e-02
3.229016810655593872e-02
2.730260603129863739e-02
3.258981183171272278e-02
2.615503594279289246e-02
2.837028168141841888e-02
2.929284609854221344e-02
2.584780007600784302e-02
2.662571519613265991e-02
2.850474603474140167e-02
2.718720585107803345e-02
2.518420666456222534e-02
2.796674519777297974e-02
2.821969240903854370e-02
2.606310509145259857e-02
3.060320392251014709e-02
2.551618963479995728e-02
2.813618257641792297e-02
2.917208336293697357e-02
2.807801775634288788e-02
2.556397020816802979e-02
2.907176874577999115e-02
2.731870673596858978e-02
2.910299226641654968e-02
2.890000119805335999e-02
2.756597846746444702e-02
3.207609429955482483e-02
3.138621523976325989e-02
3.818312287330627441e-02
3.278070688247680664e-02
3.501725941896438599e-02
3.194371983408927917e-02
3.528877720236778259e-02
3.464631736278533936e-02
2.796193957328796387e-02
3.463333845138549805e-02
2.690937370061874390e-02
2.808619849383831024e-02
3.003781661391258240e-02
2.705914340913295746e-02
2.950630336999893188e-02
3.472069278359413147e-02
2.943737618625164032e-02
3.377803415060043335e-02
2.876623906195163727e-02
3.696239367127418518e-02
3.266257420182228088e-02
2.831824310123920441e-02
3.222515061497688293e-02
2.842766419053077698e-02
3.155362233519554138e-02
3.494050726294517517e-02
3.303681313991546631e-02
2.776250615715980530e-02
2.764393389225006104e-02
3.367317095398902893e-02
2.808234840631484985e-02
2.959317341446876526e-02
2.913009189069271088e-02
3.502344712615013123e-02
2.822906151413917542e-02
3.076076135039329529e-02
3.150255233049392700e-02
2.623563818633556366e-02
2.816712297499179840e-02
2.544850669801235199e-02
2.924306876957416534e-02
2.586520090699195862e-02
2.494136616587638855e-02
3.228540718555450439e-02
2.759275585412979126e-02
2.867096662521362305e-02
3.422115743160247803e-02
2.763379365205764771e-02
3.242141008377075195e-02
3.156283125281333923e-02
2.898587472736835480e-02
2.454942092299461365e-02
2.974528260529041290e-02
2.795670367777347565e-02
2.851492539048194885e-02
2.591629512608051300e-02
3.064272552728652954e-02
2.651784755289554596e-02
2.599530480802059174e-02
2.720174752175807953e-02
2.525744959712028503e-02
2.776396088302135468e-02
2.866152860224246979e-02
2.694652974605560303e-02
2.434094250202178955e-02
2.373674325644969940e-02
2.378194779157638550e-02
2.840394712984561920e-02
2.485148049890995026e-02
2.306099236011505127e-02
2.543559484183788300e-02
2.653476223349571228e-02
2.430637180805206299e-02
2.736261300742626190e-02
2.381944097578525543e-02
2.835530415177345276e-02
2.526703663170337677e-02
2.345719747245311737e-02
2.735441364347934723e-02
3.207930177450180054e-02
2.519182860851287842e-02
3.176298364996910095e-02
3.978281840682029724e-02
3.013232350349426270e-02
2.819410711526870728e-02
2.885103784501552582e-02
3.272840380668640137e-02
3.810095041990280151e-02
3.802489861845970154e-02
3.893092647194862366e-02
3.658979386091232300e-02
3.710092231631278992e-02
3.287638723850250244e-02
3.719256445765495300e-02
4.689118638634681702e-02
2.676754258573055267e-02
3.972829878330230713e-02
3.687197715044021606e-02
3.315178677439689636e-02
2.996487729251384735e-02
3.283377736806869507e-02
2.974469587206840515e-02
3.421264141798019409e-02
3.337456285953521729e-02
2.849144674837589264e-02
3.116404078900814056e-02
3.498928621411323547e-02
2.653084881603717804e-02
2.457876689732074738e-02
3.066116385161876678e-02
2.762618474662303925e-02
3.570727631449699402e-02
2.613948658108711243e-02
3.221304342150688171e-02
2.507018111646175385e-02
3.218116611242294312e-02
2.810312621295452118e-02
3.030615858733654022e-02
3.194356337189674377e-02
2.703066729009151459e-02
2.857069857418537140e-02
2.386796846985816956e-02
2.680747210979461670e-02
2.754374966025352478e-02
2.743749134242534637e-02
2.901992946863174438e-02
2.450741641223430634e-02
2.974543347954750061e-02
2.622358500957489014e-02
2.294886112213134766e-02
2.452858351171016693e-02
2.607320062816143036e-02
2.706506848335266113e-02
2.493786253035068512e-02
2.724053896963596344e-02
2.184158004820346832e-02
2.993570268154144287e-02
2.022743597626686096e-02
2.393064089119434357e-02
2.343336865305900574e-02
2.573482505977153778e-02
2.360617928206920624e-02
2.288871444761753082e-02
3.156251460313796997e-02
2.390169166028499603e-02
2.665644139051437378e-02
2.287290245294570923e-02
2.560980245471000671e-02
2.606413513422012329e-02
2.236580103635787964e-02
2.370938844978809357e-02
2.439739182591438293e-02
2.308621071279048920e-02
2.806259319186210632e-02
2.292776480317115784e-02
2.049269340932369232e-02
2.598659507930278778e-02
2.531933784484863281e-02
2.486174553632736206e-02
2.277265489101409912e-02
2.780337072908878326e-02
1.784687675535678864e-02
2.445067651569843292e-02
2.428613603115081787e-02
2.451450563967227936e-02
2.909325249493122101e-02
2.222179435193538666e-02
2.239234559237957001e-02
2.157666720449924469e-02
2.456296421587467194e-02
2.559292875230312347e-02
2.133333124220371246e-02
2.320897020399570465e-02
2.174315974116325378e-02
2.305619791150093079e-02
2.032976411283016205e-02
2.059555798768997192e-02
2.066710218787193298e-02
2.085321024060249329e-02
2.463854476809501648e-02
2.121012099087238312e-02
2.045729942619800568e-02
2.545123361051082611e-02
2.648355066776275635e-02
2.348819188773632050e-02
2.319440618157386780e-02
2.038328722119331360e-02
2.283055707812309265e-02
2.513595111668109894e-02
2.215500734746456146e-02
2.085876464843750000e-02
1.904559507966041565e-02
2.054074592888355255e-02
2.610574476420879364e-02
2.208384312689304352e-02
2.008611522614955902e-02
2.329937182366847992e-02
2.340411767363548279e-02
2.392271347343921661e-02
2.409928105771541595e-02
2.259562723338603973e-02
2.281057462096214294e-02
2.491563558578491211e-02
2.322908304631710052e-02
2.386263012886047363e-02
2.379463240504264832e-02
2.442004345357418060e-02
2.067731507122516632e-02
2.347417175769805908e-02
2.120803669095039368e-02
2.428590878844261169e-02
2.453847788274288177e-02
2.044408954679965973e-02
2.151873148977756500e-02
2.187365479767322540e-02
2.397711575031280518e-02
2.063554339110851288e-02
2.173915319144725800e-02
2.230552211403846741e-02
2.219214104115962982e-02
2.093252912163734436e-02
2.044822089374065399e-02
2.115630730986595154e-02
2.140165679156780243e-02
1.848946325480937958e-02
1.925488375127315521e-02
2.049642987549304962e-02
2.157437056303024292e-02
2.098859660327434540e-02
2.368232421576976776e-02
1.688424125313758850e-02
2.071192488074302673e-02
2.216895297169685364e-02
2.276447787880897522e-02
2.117515914142131805e-02
2.316248603165149689e-02
2.388463728129863739e-02
2.565078623592853546e-02
2.958507835865020752e-02
2.550626359879970551e-02
2.238079532980918884e-02
2.645508199930191040e-02
3.264915570616722107e-02
3.284177929162979126e-02
2.901618927717208862e-02
2.329474315047264099e-02
2.822601422667503357e-02
2.808568440377712250e-02
2.270586788654327393e-02
2.965784445405006409e-02
2.274942025542259216e-02
2.703811973333358765e-02
2.934435382485389709e-02
2.153425477445125580e-02
2.014654874801635742e-02
2.098762802779674530e-02
2.102751098573207855e-02
2.121057920157909393e-02
2.638385817408561707e-02
2.345241792500019073e-02
1.995908841490745544e-02
2.036286331713199615e-02
2.391755953431129456e-02
2.418467774987220764e-02
2.138716354966163635e-02
2.724858745932579041e-02
2.117469720542430878e-02
2.291062846779823303e-02
2.272834442555904388e-02
2.082719281315803528e-02
2.268940955400466919e-02
1.993450149893760681e-02
2.108844183385372162e-02
2.223458513617515564e-02
2.135824225842952728e-02
2.362877316772937775e-02
2.154294028878211975e-02
2.138667926192283630e-02
2.317879907786846161e-02
2.151495590806007385e-02
2.086344175040721893e-02
1.883440650999546051e-02
2.217173762619495392e-02
2.236054837703704834e-02
1.702226698398590088e-02
2.014600299298763275e-02
2.273005805909633636e-02
1.930743269622325897e-02
2.026419155299663544e-02
1.972332410514354706e-02
1.732999831438064575e-02
1.939345337450504303e-02
1.944082975387573242e-02
2.153457142412662506e-02
1.846614480018615723e-02
2.054463513195514679e-02
1.835187524557113647e-02
1.938665285706520081e-02
1.795418374240398407e-02
2.137101255357265472e-02
1.978691667318344116e-02
2.075515128672122955e-02
2.381114289164543152e-02
1.814707182347774506e-02
2.193650417029857635e-02
2.051208540797233582e-02
1.900009624660015106e-02
1.856840588152408600e-02
2.065109089016914368e-02
2.041206322610378265e-02
1.949143037199974060e-02
1.786407828330993652e-02
1.853098906576633453e-02
1.813544146716594696e-02
1.760620437562465668e-02
2.069818228483200073e-02
1.727936230599880219e-02
1.690001785755157471e-02
1.902892999351024628e-02
1.960029453039169312e-02
1.940559595823287964e-02
2.053146623075008392e-02
2.015992067754268646e-02
2.183398231863975525e-02
2.163426950573921204e-02
2.426407858729362488e-02
2.192143909633159637e-02
1.746586337685585022e-02
2.566825971007347107e-02
3.877353668212890625e-02
5.036491155624389648e-02
3.377399221062660217e-02
3.720407187938690186e-02
3.692047670483589172e-02
3.197208419442176819e-02
3.473547846078872681e-02
3.428450599312782288e-02
4.975565895438194275e-02
3.774511441588401794e-02
3.203576803207397461e-02
3.642398864030838013e-02
3.791262209415435791e-02
2.759119495749473572e-02
3.225714340806007385e-02
3.932618349790573120e-02
2.983101084828376770e-02
3.418074548244476318e-02
2.671547979116439819e-02
3.735965490341186523e-02
2.186899073421955109e-02
2.610990218818187714e-02
2.790723554790019989e-02
2.914377301931381226e-02
2.851168252527713776e-02
2.636301517486572266e-02
2.344782464206218719e-02
3.019642084836959839e-02
2.077675424516201019e-02
2.292648889124393463e-02
2.477402612566947937e-02
2.319897338747978210e-02
2.546393498778343201e-02
2.230034023523330688e-02
2.229873090982437134e-02
2.569518797099590302e-02
2.002525515854358673e-02
2.244261838495731354e-02
2.096787281334400177e-02
2.135302312672138214e-02
2.025279775261878967e-02
2.216865308582782745e-02
1.913028955459594727e-02
1.917582750320434570e-02
2.065620385110378265e-02
2.102646231651306152e-02
1.816448755562305450e-02
2.194715104997158051e-02
2.623291313648223877e-02
2.371878921985626221e-02
2.306099236011505127e-02
1.902320981025695801e-02
1.817192137241363525e-02
1.840113475918769836e-02
2.192866057157516479e-02
1.998613402247428894e-02
2.201695740222930908e-02
1.980803720653057098e-02
2.011228911578655243e-02
1.828694157302379608e-02
1.792156696319580078e-02
2.157862856984138489e-02
1.909699663519859314e-02
2.048570849001407623e-02
2.151465415954589844e-02
2.101441659033298492e-02
1.949724741280078888e-02
1.782750524580478668e-02
1.875443384051322937e-02
1.986351422965526581e-02
1.856492459774017334e-02
1.844690740108489990e-02
1.783531159162521362e-02
1.927118003368377686e-02
2.051801793277263641e-02
2.045409381389617920e-02
1.523237396031618118e-02
1.797494851052761078e-02
1.950721256434917450e-02
1.653675921261310577e-02
1.734221726655960083e-02
1.899967528879642487e-02
2.092236094176769257e-02
1.725968718528747559e-02
1.922853663563728333e-02
2.015953324735164642e-02
2.169214189052581787e-02
1.733863726258277893e-02
1.826168224215507507e-02
1.826164685189723969e-02
1.491499412804841995e-02
1.668852195143699646e-02
1.995154656469821930e-02
1.715754717588424683e-02
1.813794486224651337e-02
1.718547567725181580e-02
1.713163219392299652e-02
1.913845911622047424e-02
2.160570956766605377e-02
1.828736811876296997e-02
1.862163282930850983e-02
2.114435099065303802e-02
2.388002537190914154e-02
2.371369488537311554e-02
2.788581699132919312e-02
2.785245515406131744e-02
2.013226971030235291e-02
1.974562369287014008e-02
2.335044927895069122e-02
2.380569465458393097e-02
2.951228059828281403e-02
2.816306054592132568e-02
2.869822457432746887e-02
2.404145710170269012e-02
2.929490245878696442e-02
3.098873794078826904e-02
2.658918499946594238e-02
2.877094410359859467e-02
1.855081133544445038e-02
2.589105442166328430e-02
1.521884463727474213e-02
2.368353120982646942e-02
2.145287953317165375e-02
1.904089935123920441e-02
2.085817791521549225e-02
2.388667128980159760e-02
1.861906051635742188e-02
1.732827723026275635e-02
1.967132091522216797e-02
2.501630038022994995e-02
1.848494634032249451e-02
1.742559485137462616e-02
2.028003893792629242e-02
1.644039526581764221e-02
1.658719033002853394e-02
1.814791932702064514e-02
1.839225739240646362e-02
2.331867814064025879e-02
2.332291193306446075e-02
1.789982616901397705e-02
2.089166268706321716e-02
1.746209897100925446e-02
2.213783748447895050e-02
1.769335754215717316e-02
2.050125785171985626e-02
1.787088252604007721e-02
1.989404112100601196e-02
2.083629742264747620e-02
2.572026289999485016e-02
1.854310370981693268e-02
2.045590430498123169e-02
2.091763354837894440e-02
2.221261151134967804e-02
1.810759678483009338e-02
1.993496157228946686e-02
2.144297026097774506e-02
1.867423392832279205e-02
1.864896714687347412e-02
1.906662620604038239e-02
1.386416424065828323e-02
1.450487878173589706e-02
1.480486337095499039e-02
1.729726605117321014e-02
1.747713238000869751e-02
1.722558028995990753e-02
1.901777833700180054e-02
1.527582667768001556e-02
1.849322766065597534e-02
1.598215661942958832e-02
1.821044273674488068e-02
1.686724461615085602e-02
1.550194714218378067e-02
1.717050373554229736e-02
1.833388768136501312e-02
2.078556083142757416e-02
2.174749225378036499e-02
1.763045042753219604e-02
1.812049560248851776e-02
2.565663866698741913e-02
3.357871994376182556e-02
2.565340138971805573e-02
1.680344156920909882e-02
1.922746188938617706e-02
1.586387306451797485e-02
2.366845309734344482e-02
4.126916825771331787e-02
3.652035817503929138e-02
3.011360950767993927e-02
7.927732914686203003e-02
4.169714078307151794e-02
8.019037544727325439e-02
9.016754478216171265e-02
4.106419160962104797e-02
4.790053144097328186e-02
7.369573414325714111e-02
2.470622397959232330e-02
4.826691001653671265e-02
4.295640066266059875e-02
2.782737649977207184e-02
4.601236432790756226e-02
3.814636543393135071e-02
3.429558128118515015e-02
3.122136369347572327e-02
3.836052864789962769e-02
3.119773790240287781e-02
3.042680770158767700e-02
3.163005784153938293e-02
2.932200580835342407e-02
2.839193493127822876e-02
2.594241686165332794e-02
2.949877269566059113e-02
2.925971895456314087e-02
2.777044288814067841e-02
2.557576075196266174e-02
2.399047464132308960e-02
2.295417338609695435e-02
2.468576095998287201e-02
2.289616130292415619e-02
2.513659186661243439e-02
2.560214698314666748e-02
2.577886730432510376e-02
2.569440566003322601e-02
2.106072194874286652e-02
1.929249800741672516e-02
2.284688130021095276e-02
2.088894881308078766e-02
2.307108044624328613e-02
1.948651298880577087e-02
2.058549784123897552e-02
2.173036709427833557e-02
2.297662943601608276e-02
2.087845467031002045e-02
2.138288505375385284e-02
2.126794680953025818e-02
1.972567848861217499e-02
1.956093870103359222e-02
2.510657534003257751e-02
1.835681684315204620e-02
1.528447214514017105e-02
2.061863988637924194e-02
1.783734001219272614e-02
1.825092732906341553e-02
2.060856670141220093e-02
1.911384239792823792e-02
1.688817702233791351e-02
1.728476956486701965e-02
2.396458014845848083e-02
2.055891789495944977e-02
2.104560285806655884e-02
1.924715004861354828e-02
2.124490402638912201e-02
1.994899287819862366e-02
1.869783177971839905e-02
1.977446302771568298e-02
2.075684815645217896e-02
1.928750425577163696e-02
2.302619442343711853e-02
1.792606711387634277e-02
1.702897436916828156e-02
2.187411859631538391e-02
2.174229919910430908e-02
1.933375000953674316e-02
1.856876537203788757e-02
1.969967223703861237e-02
2.370130643248558044e-02
2.116662077605724335e-02
1.962074637413024902e-02
1.675038971006870270e-02
1.614867337048053741e-02
1.813994348049163818e-02
1.703479886054992676e-02
1.774561963975429535e-02
1.713113300502300262e-02
1.751857995986938477e-02
1.845928095281124115e-02
1.504740398377180099e-02
1.597663015127182007e-02
1.727191545069217682e-02
1.797995343804359436e-02
1.777635887265205383e-02
1.906088553369045258e-02
1.933884993195533752e-02
1.617910712957382202e-02
1.689674519002437592e-02
1.693926006555557251e-02
1.459023728966712952e-02
1.706657372415065765e-02
1.638189889490604401e-02
1.416808832436800003e-02
1.456856913864612579e-02
1.618909835815429688e-02
1.834445632994174957e-02
1.564935781061649323e-02
1.645848341286182404e-02
1.629607938230037689e-02
2.037429250776767731e-02
1.360459998250007629e-02
1.658311672508716583e-02
1.646276935935020447e-02
1.738104037940502167e-02
1.759853959083557129e-02
1.649118587374687195e-02
1.854776963591575623e-02
1.545212790369987488e-02
1.759283244609832764e-02
1.419071480631828308e-02
1.586079597473144531e-02
1.685730740427970886e-02
1.780529692769050598e-02
1.385883148759603500e-02
1.708948612213134766e-02
1.918987184762954712e-02
1.797122880816459656e-02
1.547758467495441437e-02
1.861378923058509827e-02
1.561762392520904541e-02
1.568047329783439636e-02
1.713244430720806122e-02
1.582723297178745270e-02
1.533784065395593643e-02
1.569204404950141907e-02
1.494465116411447525e-02
1.740705221891403198e-02
1.628286205232143402e-02
1.491850800812244415e-02
1.363479252904653549e-02
1.605053618550300598e-02
1.605590991675853729e-02
1.635169796645641327e-02
1.531654316931962967e-02
1.444005500525236130e-02
1.541591715067625046e-02
1.468381378799676895e-02
1.529670506715774536e-02
1.552263274788856506e-02
1.367903500795364380e-02
1.553198508918285370e-02
1.683593913912773132e-02
1.183399837464094162e-02
1.583436131477355957e-02
1.528357993811368942e-02
1.452861260622739792e-02
1.454411260783672333e-02
1.616649702191352844e-02
1.621424406766891479e-02
1.771507970988750458e-02
1.664938591420650482e-02
1.467750407755374908e-02
1.717658527195453644e-02
2.285185083746910095e-02
3.294318914413452148e-02
3.626741841435432434e-02
1.634372770786285400e-02
4.146491736173629761e-02
7.636200636625289917e-02
4.973018169403076172e-02
2.480414882302284241e-02
3.470973670482635498e-02
2.611328102648258209e-02
2.861226350069046021e-02
2.272750996053218842e-02
2.005107700824737549e-02
2.634054981172084808e-02
2.208711765706539154e-02
3.187665715813636780e-02
1.900295726954936981e-02
