7.917196750640869141e-01
4.913175582885742188e+00
7.675871253013610840e-01
1.320038437843322754e+00
1.034123420715332031e+00
6.943600773811340332e-01
1.012324452400207520e+00
1.115536928176879883e+00
6.828846931457519531e-01
4.295226037502288818e-01
4.786571264266967773e-01
3.991838395595550537e-01
7.831782102584838867e-01
4.373185038566589355e-01
4.742985963821411133e-01
5.275442004203796387e-01
4.445318877696990967e-01
3.852448463439941406e-01
2.981575429439544678e-01
2.784016728401184082e-01
3.653570115566253662e-01
2.727237045764923096e-01
3.774134218692779541e-01
2.853635251522064209e-01
3.176662325859069824e-01
2.561331391334533691e-01
2.793163955211639404e-01
2.980149388313293457e-01
3.360358774662017822e-01
2.451595813035964966e-01
3.011081516742706299e-01
2.978086173534393311e-01
2.353445440530776978e-01
3.516980707645416260e-01
3.584580123424530029e-01
2.247490584850311279e-01
2.618846893310546875e-01
3.261607289314270020e-01
2.954073548316955566e-01
2.457890361547470093e-01
2.714881896972656250e-01
2.252398729324340820e-01
1.941299885511398315e-01
2.319018393754959106e-01
2.449313700199127197e-01
2.176359444856643677e-01
2.147581428289413452e-01
2.387384027242660522e-01
3.042518496513366699e-01
2.125723361968994141e-01
2.529226839542388916e-01
2.536636888980865479e-01
2.265064567327499390e-01
2.472250759601593018e-01
2.659417688846588135e-01
2.729363739490509033e-01
1.647187918424606323e-01
2.089912742376327515e-01
2.477777749300003052e-01
2.436130940914154053e-01
2.220212072134017944e-01
2.185519039630889893e-01
2.244184911251068115e-01
2.194976657629013062e-01
1.975280642509460449e-01
1.670860648155212402e-01
1.989191621541976929e-01
2.453313618898391724e-01
1.332110464572906494e-01
1.790455728769302368e-01
1.603113859891891479e-01
1.852221786975860596e-01
1.957383751869201660e-01
1.765418648719787598e-01
1.655389666557312012e-01
1.613388508558273315e-01
1.537272185087203979e-01
1.613090783357620239e-01
1.617067158222198486e-01
2.223262339830398560e-01
2.103282958269119263e-01
1.558459997177124023e-01
1.655045598745346069e-01
1.881204992532730103e-01
1.626949608325958252e-01
1.588139832019805908e-01
1.733787804841995239e-01
1.319177448749542236e-01
1.723811775445938110e-01
1.612658947706222534e-01
1.542589962482452393e-01
1.394870579242706299e-01
1.687061786651611328e-01
1.781402826309204102e-01
1.706588417291641235e-01
1.801372319459915161e-01
1.609565317630767822e-01
1.422498822212219238e-01
1.461807340383529663e-01
1.250038743019104004e-01
3.441804349422454834e-01
4.531173706054687500e-01
2.189394086599349976e-01
3.629018664360046387e-01
2.456934154033660889e-01
1.634557396173477173e-01
3.213098347187042236e-01
1.938003748655319214e-01
4.095336198806762695e-01
1.636976301670074463e-01
2.156056016683578491e-01
2.361015826463699341e-01
2.536512911319732666e-01
1.543392539024353027e-01
2.084320634603500366e-01
1.726037710905075073e-01
1.406500041484832764e-01
1.535975933074951172e-01
2.511956393718719482e-01
1.608836501836776733e-01
1.518631577491760254e-01
1.606238186359405518e-01
1.696799695491790771e-01
1.648111045360565186e-01
1.987129598855972290e-01
1.560303419828414917e-01
1.540099829435348511e-01
1.247127428650856018e-01
1.796518862247467041e-01
1.340955346822738647e-01
1.985473930835723877e-01
1.418465673923492432e-01
1.528622210025787354e-01
1.797156482934951782e-01
1.843182295560836792e-01
1.687463968992233276e-01
1.641226857900619507e-01
1.490674167871475220e-01
1.587125808000564575e-01
1.433218717575073242e-01
1.414746940135955811e-01
1.402114927768707275e-01
1.435080617666244507e-01
1.872729957103729248e-01
1.559935659170150757e-01
1.635234355926513672e-01
1.543464362621307373e-01
1.670722514390945435e-01
1.636702418327331543e-01
1.715791225433349609e-01
1.323317587375640869e-01
1.554252505302429199e-01
1.705723106861114502e-01
1.622257977724075317e-01
1.291086971759796143e-01
1.287498176097869873e-01
1.903881281614303589e-01
1.363361179828643799e-01
1.923040002584457397e-01
1.206623911857604980e-01
1.040503829717636108e-01
1.013423353433609009e-01
2.982734739780426025e-01
1.996768712997436523e-01
1.346150785684585571e-01
1.207159906625747681e-01
1.607172787189483643e-01
1.587289273738861084e-01
1.282599270343780518e-01
1.167622953653335571e-01
1.492051035165786743e-01
1.116151660680770874e-01
2.344857156276702881e-01
1.548911631107330322e-01
1.595264375209808350e-01
1.410553306341171265e-01
1.433509588241577148e-01
1.499950438737869263e-01
1.459285765886306763e-01
1.547062247991561890e-01
1.360421180725097656e-01
1.917693763971328735e-01
1.579784452915191650e-01
1.180827394127845764e-01
1.197692751884460449e-01
1.431598961353302002e-01
1.337712109088897705e-01
1.048468127846717834e-01
1.372473984956741333e-01
1.198442205786705017e-01
1.218093633651733398e-01
1.540416926145553589e-01
1.231203377246856689e-01
1.181088387966156006e-01
1.250755786895751953e-01
1.066093444824218750e-01
1.143132224678993225e-01
1.242885813117027283e-01
1.136482059955596924e-01
1.279911249876022339e-01
1.677453666925430298e-01
1.336097270250320435e-01
1.227020323276519775e-01
1.288425773382186890e-01
1.263158470392227173e-01
1.578381806612014771e-01
1.369707584381103516e-01
1.277901232242584229e-01
1.047722920775413513e-01
1.193533614277839661e-01
2.366321533918380737e-01
1.210644170641899109e-01
1.656151115894317627e-01
1.118727251887321472e-01
1.252510547637939453e-01
1.327729523181915283e-01
1.211755052208900452e-01
1.109985560178756714e-01
1.552745699882507324e-01
1.260333806276321411e-01
1.067867949604988098e-01
1.111739054322242737e-01
1.321179717779159546e-01
1.373782753944396973e-01
1.264553666114807129e-01
1.087343245744705200e-01
1.265568435192108154e-01
1.101320981979370117e-01
9.858272969722747803e-02
1.191631257534027100e-01
1.068343445658683777e-01
1.083302125334739685e-01
1.122151166200637817e-01
1.849933266639709473e-01
1.186779737472534180e-01
1.203690245747566223e-01
1.391174346208572388e-01
1.326436251401901245e-01
1.059795469045639038e-01
1.026011854410171509e-01
1.013486459851264954e-01
1.061213687062263489e-01
1.521465629339218140e-01
1.481823921203613281e-01
9.953635931015014648e-02
1.353748589754104614e-01
9.601928293704986572e-02
1.473015844821929932e-01
1.183558627963066101e-01
1.038502901792526245e-01
1.128167659044265747e-01
1.408584266901016235e-01
9.431768208742141724e-02
1.028025522828102112e-01
1.110723912715911865e-01
1.084779277443885803e-01
1.152851805090904236e-01
1.255180090665817261e-01
1.104906648397445679e-01
1.081252098083496094e-01
1.232832074165344238e-01
1.162491738796234131e-01
1.150365397334098816e-01
1.117885112762451172e-01
1.469424813985824585e-01
1.211650297045707703e-01
1.220097094774246216e-01
1.167238950729370117e-01
9.281730651855468750e-02
1.195773631334304810e-01
1.077191010117530823e-01
1.027791500091552734e-01
1.319119334220886230e-01
1.071096211671829224e-01
1.081316471099853516e-01
9.766919910907745361e-02
1.085046604275703430e-01
1.096937954425811768e-01
1.301636248826980591e-01
9.413675218820571899e-02
9.799773246049880981e-02
8.578661084175109863e-02
1.418340951204299927e-01
1.364939212799072266e-01
1.283062100410461426e-01
1.098902970552444458e-01
1.246183142066001892e-01
1.145599782466888428e-01
1.068640053272247314e-01
1.098506152629852295e-01
1.276143640279769897e-01
1.121698245406150818e-01
1.039054021239280701e-01
1.001492440700531006e-01
1.112568303942680359e-01
1.087986007332801819e-01
1.155381426215171814e-01
1.081788539886474609e-01
1.061489954590797424e-01
1.145628467202186584e-01
9.740168601274490356e-02
8.695387840270996094e-02
8.678320795297622681e-02
9.139955788850784302e-02
1.202669888734817505e-01
1.061551123857498169e-01
9.362462908029556274e-02
9.502249956130981445e-02
8.673929423093795776e-02
1.210762411355972290e-01
1.124162748456001282e-01
1.055976152420043945e-01
1.005984395742416382e-01
1.071280613541603088e-01
9.720993041992187500e-02
1.183217689394950867e-01
8.947460353374481201e-02
1.009370461106300354e-01
1.283935904502868652e-01
1.133098974823951721e-01
1.044115573167800903e-01
1.039614453911781311e-01
1.064427271485328674e-01
1.072081178426742554e-01
1.124419420957565308e-01
9.099335223436355591e-02
9.361559897661209106e-02
1.022203341126441956e-01
1.030701398849487305e-01
2.258977890014648438e-01
1.330799162387847900e-01
1.347067207098007202e-01
1.182204857468605042e-01
1.336660683155059814e-01
1.277662217617034912e-01
1.298201978206634521e-01
1.144335120916366577e-01
1.077319607138633728e-01
1.293835639953613281e-01
1.089906692504882812e-01
9.709782898426055908e-02
1.140004321932792664e-01
9.940225630998611450e-02
1.076185256242752075e-01
1.074237599968910217e-01
1.091245636343955994e-01
1.032009571790695190e-01
1.004940047860145569e-01
1.176084801554679871e-01
1.077825799584388733e-01
9.957300126552581787e-02
1.104604378342628479e-01
9.319762885570526123e-02
1.045491844415664673e-01
8.355205506086349487e-02
1.108772009611129761e-01
9.286146610975265503e-02
1.125336065888404846e-01
8.909124135971069336e-02
1.230811029672622681e-01
1.084654629230499268e-01
1.093885824084281921e-01
1.262302696704864502e-01
1.092062667012214661e-01
1.192985102534294128e-01
7.550009340047836304e-02
8.936537057161331177e-02
9.556379914283752441e-02
1.169644892215728760e-01
9.567831456661224365e-02
9.152595698833465576e-02
1.291168183088302612e-01
9.378696233034133911e-02
8.897152543067932129e-02
8.812531828880310059e-02
8.881949633359909058e-02
1.311213076114654541e-01
1.097074747085571289e-01
1.160292923450469971e-01
1.019847095012664795e-01
9.743361920118331909e-02
1.099930033087730408e-01
8.690317720174789429e-02
9.857553988695144653e-02
1.027032062411308289e-01
1.306997239589691162e-01
1.175025850534439087e-01
8.653762191534042358e-02
9.349799156188964844e-02
9.929043799638748169e-02
1.051375642418861389e-01
9.688671678304672241e-02
1.274585574865341187e-01
1.002825200557708740e-01
9.073488414287567139e-02
1.001479178667068481e-01
9.789294749498367310e-02
1.000078916549682617e-01
1.093589887022972107e-01
8.825091272592544556e-02
1.035726666450500488e-01
1.071680784225463867e-01
9.917519241571426392e-02
1.085752621293067932e-01
1.015067994594573975e-01
1.092839986085891724e-01
1.034814417362213135e-01
9.000001102685928345e-02
9.445159137248992920e-02
9.561432152986526489e-02
8.314409852027893066e-02
9.020384401082992554e-02
9.056583046913146973e-02
1.193261519074440002e-01
9.565916657447814941e-02
1.006728634238243103e-01
9.505117684602737427e-02
1.106844395399093628e-01
7.399366050958633423e-02
1.079422608017921448e-01
1.178115233778953552e-01
8.706000447273254395e-02
1.067139878869056702e-01
1.049083918333053589e-01
1.062678843736648560e-01
1.068246290087699890e-01
9.117447584867477417e-02
8.823421597480773926e-02
9.934864193201065063e-02
1.550106555223464966e-01
1.083933785557746887e-01
1.003500744700431824e-01
1.081765592098236084e-01
1.139618754386901855e-01
9.703293442726135254e-02
9.192109853029251099e-02
1.254420131444931030e-01
9.939298033714294434e-02
9.541360288858413696e-02
8.991237729787826538e-02
1.000747159123420715e-01
1.148849129676818848e-01
9.559259563684463501e-02
1.073061823844909668e-01
1.021433696150779724e-01
8.076312392950057983e-02
1.064533069729804993e-01
9.534289687871932983e-02
1.027976348996162415e-01
9.821977466344833374e-02
1.041624844074249268e-01
1.019403785467147827e-01
8.691745996475219727e-02
9.544771164655685425e-02
9.568149596452713013e-02
8.235643804073333740e-02
9.384258836507797241e-02
1.007682904601097107e-01
9.449546039104461670e-02
9.568501263856887817e-02
1.076921001076698303e-01
8.963354676961898804e-02
1.070389077067375183e-01
9.641305357217788696e-02
9.060066193342208862e-02
9.215844422578811646e-02
1.075279712677001953e-01
1.105005145072937012e-01
8.239257335662841797e-02
1.142640933394432068e-01
9.479346871376037598e-02
8.895612508058547974e-02
9.338911622762680054e-02
1.035391166806221008e-01
1.105600968003273010e-01
9.634611755609512329e-02
9.539121389389038086e-02
1.122109889984130859e-01
8.821342885494232178e-02
9.336019307374954224e-02
9.000989794731140137e-02
7.902599126100540161e-02
1.224793642759323120e-01
8.466542512178421021e-02
9.110479056835174561e-02
8.645519614219665527e-02
1.085087135434150696e-01
9.190422296524047852e-02
1.120257675647735596e-01
9.959513694047927856e-02
9.111233055591583252e-02
9.671703726053237915e-02
1.120078936219215393e-01
9.158501029014587402e-02
9.327813982963562012e-02
1.022309213876724243e-01
9.991977363824844360e-02
1.043072640895843506e-01
8.329397439956665039e-02
1.088893190026283264e-01
1.042327433824539185e-01
9.392572939395904541e-02
1.024868488311767578e-01
9.234553575515747070e-02
9.389766305685043335e-02
1.103672683238983154e-01
1.059679239988327026e-01
1.022686287760734558e-01
9.358289092779159546e-02
1.146780326962471008e-01
1.072701886296272278e-01
1.137693673372268677e-01
1.074842810630798340e-01
9.535507857799530029e-02
1.082928776741027832e-01
9.689513593912124634e-02
1.082963421940803528e-01
1.006355881690979004e-01
9.703426063060760498e-02
1.056313142180442810e-01
1.038030385971069336e-01
1.015326008200645447e-01
9.746044129133224487e-02
1.118478253483772278e-01
1.166471019387245178e-01
9.740162640810012817e-02
1.135564893484115601e-01
1.038170531392097473e-01
1.224646121263504028e-01
9.830332547426223755e-02
1.056733280420303345e-01
8.692307025194168091e-02
9.259580075740814209e-02
9.967560321092605591e-02
9.791983664035797119e-02
8.402336388826370239e-02
8.920885622501373291e-02
1.344921141862869263e-01
9.297551959753036499e-02
1.211090311408042908e-01
1.105424463748931885e-01
1.123592853546142578e-01
8.888145536184310913e-02
1.079616770148277283e-01
8.729030191898345947e-02
9.470684081315994263e-02
1.176796630024909973e-01
1.099225953221321106e-01
1.023815646767616272e-01
1.076314821839332581e-01
1.068264245986938477e-01
7.909025251865386963e-02
9.890201687812805176e-02
1.191006153821945190e-01
1.056732684373855591e-01
1.161908134818077087e-01
1.051304191350936890e-01
1.175803542137145996e-01
9.444548189640045166e-02
9.850658476352691650e-02
1.248700171709060669e-01
9.844058007001876831e-02
1.203041896224021912e-01
9.068382531404495239e-02
1.007049381732940674e-01
1.155577301979064941e-01
1.222529858350753784e-01
8.347133547067642212e-02
9.364061802625656128e-02
1.045722216367721558e-01
9.077288955450057983e-02
8.998382091522216797e-02
1.003760993480682373e-01
9.492223709821701050e-02
9.080446511507034302e-02
9.293998777866363525e-02
8.901585638523101807e-02
9.652320295572280884e-02
1.047979444265365601e-01
9.986021369695663452e-02
1.018965691328048706e-01
1.083066463470458984e-01
9.377168118953704834e-02
9.291996806859970093e-02
9.617103636264801025e-02
1.067145317792892456e-01
8.808572590351104736e-02
9.832748770713806152e-02
1.145910546183586121e-01
1.019272953271865845e-01
8.566650748252868652e-02
1.056517809629440308e-01
1.033475697040557861e-01
8.953882008790969849e-02
1.050846651196479797e-01
9.546091407537460327e-02
9.257917851209640503e-02
9.289725869894027710e-02
1.357140690088272095e-01
1.032394617795944214e-01
1.048237085342407227e-01
1.157537326216697693e-01
1.043775901198387146e-01
9.636968374252319336e-02
1.105492487549781799e-01
1.017539054155349731e-01
9.608798474073410034e-02
9.962043166160583496e-02
1.052588596940040588e-01
1.129184514284133911e-01
1.082097068428993225e-01
1.031158342957496643e-01
9.800746291875839233e-02
1.058212593197822571e-01
1.044704243540763855e-01
9.882707148790359497e-02
9.559251368045806885e-02
1.147520169615745544e-01
9.501686692237854004e-02
9.523937851190567017e-02
1.157317161560058594e-01
8.981867879629135132e-02
1.056129410862922668e-01
9.360504895448684692e-02
1.010900586843490601e-01
1.050387769937515259e-01
8.597610145807266235e-02
9.846487641334533691e-02
9.211479872465133667e-02
1.028264835476875305e-01
1.098161861300468445e-01
9.796609729528427124e-02
8.520555496215820312e-02
8.059640228748321533e-02
9.542934596538543701e-02
8.570665121078491211e-02
1.031270101666450500e-01
9.323732554912567139e-02
1.001855656504631042e-01
8.690749853849411011e-02
9.335614740848541260e-02
9.007170051336288452e-02
9.721824526786804199e-02
1.067273542284965515e-01
8.544078469276428223e-02
9.473767131567001343e-02
1.104909405112266541e-01
8.633803576231002808e-02
9.411220997571945190e-02
9.903626143932342529e-02
9.473982453346252441e-02
9.139042347669601440e-02
1.023937612771987915e-01
9.935951977968215942e-02
9.317170083522796631e-02
8.632224053144454956e-02
1.104068756103515625e-01
9.355488419532775879e-02
9.221911430358886719e-02
8.298362791538238525e-02
8.659547567367553711e-02
9.221581369638442993e-02
9.837906807661056519e-02
1.000626087188720703e-01
1.022899448871612549e-01
9.554878622293472290e-02
9.361497312784194946e-02
9.300272166728973389e-02
9.317705035209655762e-02
1.004457548260688782e-01
9.109637886285781860e-02
9.805939346551895142e-02
9.007228165864944458e-02
9.752127528190612793e-02
8.755759149789810181e-02
9.874145686626434326e-02
1.064050644636154175e-01
8.484782278537750244e-02
1.084453985095024109e-01
1.055311337113380432e-01
7.496799528598785400e-02
1.003883108496665955e-01
9.756004810333251953e-02
9.723992645740509033e-02
9.055490046739578247e-02
9.845375269651412964e-02
9.760531038045883179e-02
1.059444248676300049e-01
8.825885504484176636e-02
9.079705178737640381e-02
9.132374078035354614e-02
9.393930435180664062e-02
9.459599107503890991e-02
8.932443708181381226e-02
9.567729383707046509e-02
9.343903511762619019e-02
9.212862700223922729e-02
1.078743338584899902e-01
9.998255223035812378e-02
9.821503609418869019e-02
9.111194312572479248e-02
8.684592694044113159e-02
8.698281645774841309e-02
8.318349719047546387e-02
6.824646890163421631e-02
8.795901387929916382e-02
1.011529788374900818e-01
8.785677701234817505e-02
8.608236908912658691e-02
9.704522788524627686e-02
8.284120261669158936e-02
8.254615217447280884e-02
1.009672954678535461e-01
1.128998771309852600e-01
9.038993716239929199e-02
1.075347363948822021e-01
1.321906000375747681e-01
9.494040161371231079e-02
1.037787422537803650e-01
9.226065129041671753e-02
1.093450710177421570e-01
7.881894707679748535e-02
1.112473681569099426e-01
9.899681061506271362e-02
1.178097054362297058e-01
1.025243625044822693e-01
8.316538482904434204e-02
1.034256815910339355e-01
1.126641333103179932e-01
1.018445044755935669e-01
9.671495109796524048e-02
1.053263023495674133e-01
1.010977327823638916e-01
9.090522676706314087e-02
9.222839772701263428e-02
9.529867023229598999e-02
7.735200226306915283e-02
9.024604409933090210e-02
8.918576687574386597e-02
9.033069014549255371e-02
1.003404632210731506e-01
8.389693498611450195e-02
8.536668121814727783e-02
8.391413092613220215e-02
8.883081376552581787e-02
9.733200073242187500e-02
9.588733315467834473e-02
8.907993882894515991e-02
8.627419918775558472e-02
8.757004886865615845e-02
9.941368550062179565e-02
9.631052613258361816e-02
1.028346568346023560e-01
8.097600936889648438e-02
7.853789627552032471e-02
7.854603976011276245e-02
8.678462356328964233e-02
7.970905303955078125e-02
9.874793887138366699e-02
9.030830860137939453e-02
9.845178574323654175e-02
7.436196506023406982e-02
9.902208298444747925e-02
1.010741069912910461e-01
1.070872247219085693e-01
9.101893752813339233e-02
9.399762749671936035e-02
1.161174923181533813e-01
9.627852588891983032e-02
8.732891082763671875e-02
1.017836406826972961e-01
1.031677499413490295e-01
8.979513496160507202e-02
9.556608647108078003e-02
9.306899458169937134e-02
1.062180176377296448e-01
9.641832858324050903e-02
1.015559062361717224e-01
1.040920242667198181e-01
8.836486190557479858e-02
9.738752245903015137e-02
9.252361208200454712e-02
1.149835661053657532e-01
9.290986508131027222e-02
1.183798760175704956e-01
8.973122388124465942e-02
1.015842780470848083e-01
9.632857888936996460e-02
9.271331131458282471e-02
9.791886806488037109e-02
8.736452460289001465e-02
8.638466149568557739e-02
9.245993196964263916e-02
9.674665331840515137e-02
8.389243483543395996e-02
8.293145895004272461e-02
8.213516324758529663e-02
7.476328313350677490e-02
9.478501230478286743e-02
1.039897948503494263e-01
8.953837305307388306e-02
7.774788141250610352e-02
9.432451426982879639e-02
9.468971937894821167e-02
1.007562279701232910e-01
1.016324833035469055e-01
7.960849255323410034e-02
1.023226380348205566e-01
8.794176578521728516e-02
8.899002522230148315e-02
8.100444078445434570e-02
8.622512966394424438e-02
9.663793444633483887e-02
9.029169380664825439e-02
8.339412510395050049e-02
8.120371401309967041e-02
9.186327457427978516e-02
9.536472707986831665e-02
9.943471103906631470e-02
9.005712717771530151e-02
1.044682487845420837e-01
8.383119851350784302e-02
8.650331199169158936e-02
1.007874011993408203e-01
9.844038635492324829e-02
1.162796467542648315e-01
1.033954769372940063e-01
8.962485939264297485e-02
1.027185767889022827e-01
8.942876756191253662e-02
1.048603728413581848e-01
9.232921898365020752e-02
8.993893861770629883e-02
8.324791491031646729e-02
8.650188148021697998e-02
9.382180124521255493e-02
9.539692848920822144e-02
9.076999872922897339e-02
9.750603884458541870e-02
7.588921487331390381e-02
8.375822752714157104e-02
8.580748736858367920e-02
1.011619567871093750e-01
9.264142811298370361e-02
8.145637065172195435e-02
9.297403693199157715e-02
8.850505203008651733e-02
9.731741249561309814e-02
8.163589239120483398e-02
7.897011190652847290e-02
9.599550068378448486e-02
1.067408546805381775e-01
9.278525412082672119e-02
9.817547351121902466e-02
8.541232347488403320e-02
9.516910463571548462e-02
9.395066648721694946e-02
9.469448029994964600e-02
8.616701513528823853e-02
9.728661179542541504e-02
1.377632319927215576e-01
9.747564792633056641e-02
9.413520246744155884e-02
9.810445457696914673e-02
9.803771227598190308e-02
9.705236554145812988e-02
8.079707622528076172e-02
9.842839837074279785e-02
9.300278127193450928e-02
9.050355851650238037e-02
8.337368816137313843e-02
9.198448807001113892e-02
1.045475155115127563e-01
1.006281673908233643e-01
1.007168740034103394e-01
8.668252080678939819e-02
9.148248285055160522e-02
1.019770726561546326e-01
1.056610122323036194e-01
9.197406470775604248e-02
9.172771871089935303e-02
8.103588223457336426e-02
7.669185101985931396e-02
8.364906162023544312e-02
1.078478544950485229e-01
9.469410777091979980e-02
9.332370758056640625e-02
9.368368238210678101e-02
8.412612974643707275e-02
9.063696116209030151e-02
9.504269808530807495e-02
8.951677381992340088e-02
9.480368345975875854e-02
1.065539345145225525e-01
9.373454004526138306e-02
9.106890857219696045e-02
9.495969861745834351e-02
8.077669888734817505e-02
8.841583132743835449e-02
1.140053868293762207e-01
8.115866035223007202e-02
1.089557036757469177e-01
1.223266273736953735e-01
1.026785671710968018e-01
8.560398966073989868e-02
7.760345190763473511e-02
8.955615013837814331e-02
1.019723042845726013e-01
7.420147210359573364e-02
9.992457926273345947e-02
9.796007722616195679e-02
1.090322434902191162e-01
1.089575812220573425e-01
1.004322320222854614e-01
1.097870394587516785e-01
9.202374517917633057e-02
1.034382283687591553e-01
9.505962580442428589e-02
9.566802531480789185e-02
8.572448045015335083e-02
9.053395688533782959e-02
9.304131567478179932e-02
9.197011590003967285e-02
8.831375092267990112e-02
8.773377537727355957e-02
1.025149896740913391e-01
9.536105394363403320e-02
1.032558530569076538e-01
8.429320901632308960e-02
8.946891874074935913e-02
1.079083755612373352e-01
8.710410445928573608e-02
8.779806643724441528e-02
8.947157859802246094e-02
1.028327420353889465e-01
9.603115171194076538e-02
7.525556534528732300e-02
9.303666651248931885e-02
7.967820763587951660e-02
8.351368457078933716e-02
7.926642149686813354e-02
8.577854931354522705e-02
8.886467665433883667e-02
8.742067962884902954e-02
1.059874892234802246e-01
7.866017520427703857e-02
8.802621066570281982e-02
7.822673022747039795e-02
9.418834000825881958e-02
8.660021424293518066e-02
8.021989464759826660e-02
8.512346446514129639e-02
7.947769761085510254e-02
9.136987477540969849e-02
9.582341462373733521e-02
1.011201813817024231e-01
9.204728156328201294e-02
1.043762788176536560e-01
8.151689171791076660e-02
9.664358943700790405e-02
9.222780913114547729e-02
8.980841189622879028e-02
8.143787831068038940e-02
9.211204946041107178e-02
8.811879158020019531e-02
1.078086048364639282e-01
9.275430440902709961e-02
9.704144299030303955e-02
9.919150918722152710e-02
8.878168463706970215e-02
8.905032277107238770e-02
8.935167640447616577e-02
8.688697218894958496e-02
9.055863320827484131e-02
7.463515549898147583e-02
8.523238450288772583e-02
8.223637193441390991e-02
8.709336817264556885e-02
8.007166534662246704e-02
8.151597529649734497e-02
9.034066647291183472e-02
9.631390124559402466e-02
8.939150720834732056e-02
8.429188281297683716e-02
8.533014357089996338e-02
9.006914496421813965e-02
8.774314820766448975e-02
8.265476673841476440e-02
9.178950637578964233e-02
9.385509043931961060e-02
8.889609575271606445e-02
9.549115598201751709e-02
8.683414012193679810e-02
9.419792145490646362e-02
9.259226918220520020e-02
8.418948203325271606e-02
9.464304894208908081e-02
9.061643481254577637e-02
9.167707711458206177e-02
1.006943061947822571e-01
8.105933666229248047e-02
